-0.0446214176104511	0.00475295992724628
-0.0427915909333750	0.00475295992724628
-0.0409651064073405	0.00475295992724628
-0.0391419518458255	0.00475295992724628
-0.0373221151288395	0.00475295992724628
-0.0355055842024417	0.00475295992724628
-0.0336923470782609	0.00475295992724628
-0.0318823918330213	0.00475295992724628
-0.0300757066080723	0.00475295992724628
-0.0282722796089216	0.00475295992724628
-0.0264720991047738	0.00475295992724628
-0.0246751534280721	0.00475295992724628
-0.0228814309740452	0.00475295992724628
-0.0210909202002569	0.00475295992724628
-0.0193036096261612	0.00475295992724628
-0.0175194878326598	0.00475295992724628
-0.0157385434616651	0.00475295992724628
-0.0139607652156658	0.00475295992724628
-0.0121861418572972	0.00475295992724628
-0.0104146622089152	0.00475295992724628
-0.00864631515217319	0.00475295992724628
-0.00688108962760408	0.00475295992724628
-0.00511897463420482	0.00475295992724628
-0.00335995922902516	0.00475295992724628
-0.00160403252676027	0.00475295992724628
0.000148816300654091	0.00475295992724628
0.00189859802444175	0.00475295992724628
0.00364532335938340	0.00475295992724628
0.00538900296421023	0.00475295992724628
0.00712964744199423	0.00475295992724628
0.00886726734053523	0.00475295992724628
0.0106018731527435	0.00475295992724628
0.0123334753170214	0.00475295992724628
0.0140620842176392	0.00475295992724628
0.0157877101851089	0.00475295992724628
-0.0744063073202367	0.0136896630235734
-0.0725212926244653	0.0136896630235734
-0.0706398245247598	0.0136896630235734
-0.0687618897005596	0.0136896630235734
-0.0668874749062093	0.0136896630235734
-0.0650165669703976	0.0136896630235734
-0.0631491527956022	0.0136896630235734
-0.0612852193575395	0.0136896630235734
-0.0594247537046197	0.0136896630235734
-0.0575677429574070	0.0136896630235734
-0.0557141743080841	0.0136896630235734
-0.0538640350199226	0.0136896630235734
-0.0520173124267579	0.0136896630235734
-0.0501739939324687	0.0136896630235734
-0.0483340670104616	0.0136896630235734
-0.0464975192031600	0.0136896630235734
-0.0446643381214991	0.0136896630235734
-0.0428345114444230	0.0136896630235734
-0.0410080269183887	0.0136896630235734
-0.0391848723568735	0.0136896630235734
-0.0373650356398875	0.0136896630235734
-0.0355485047134897	0.0136896630235734
-0.0337352675893088	0.0136896630235734
-0.0319253123440693	0.0136896630235734
-0.0301186271191203	0.0136896630235734
-0.0283152001199697	0.0136896630235734
-0.0265150196158217	0.0136896630235734
-0.0247180739391201	0.0136896630235734
-0.0229243514850932	0.0136896630235734
-0.0211338407113049	0.0136896630235734
-0.0193465301372092	0.0136896630235734
-0.0175624083437078	0.0136896630235734
-0.0157814639727131	0.0136896630235734
-0.0140036857267137	0.0136896630235734
-0.0122290623683452	0.0136896630235734
-0.0104575827199632	0.0136896630235734
-0.00868923566322115	0.0136896630235734
-0.00692401013865204	0.0136896630235734
-0.00516189514525280	0.0136896630235734
-0.00340287974007325	0.0136896630235734
-0.00164695303780826	0.0136896630235734
0.000105895789605980	0.0136896630235734
0.00185567751339385	0.0136896630235734
0.00360240284833549	0.0136896630235734
0.00534608245316231	0.0136896630235734
0.00708672693094630	0.0136896630235734
0.00882434682948707	0.0136896630235734
0.0105589526416954	0.0136896630235734
0.0122905548059732	0.0136896630235734
0.0140191637065912	0.0136896630235734
0.0157447896740609	0.0136896630235734
0.0174674429855071	0.0136896630235734
0.0191871338650337	0.0136896630235734
0.0209038724840882	0.0136896630235734
0.0226176689618229	0.0136896630235734
0.0243285333654523	0.0136896630235734
0.0260364757106086	0.0136896630235734
-0.122777373368888	0.0246186247722073
-0.120799133356782	0.0246186247722073
-0.118824799053065	0.0246186247722073
-0.116854355065766	0.0246186247722073
-0.114887786093725	0.0246186247722073
-0.112925076925876	0.0246186247722073
-0.110966212440543	0.0246186247722073
-0.109011177604740	0.0246186247722073
-0.107059957473478	0.0246186247722073
-0.105112537189083	0.0246186247722073
-0.103168901980512	0.0246186247722073
-0.101229037162685	0.0246186247722073
-0.0992929281358186	0.0246186247722073
-0.0973605603847647	0.0246186247722073
-0.0954319194783591	0.0246186247722073
-0.0935069910687747	0.0246186247722073
-0.0915857608908809	0.0246186247722073
-0.0896682147616091	0.0246186247722073
-0.0877543385793248	0.0246186247722073
-0.0858441183232056	0.0246186247722073
-0.0839375400526240	0.0246186247722073
-0.0820345899065379	0.0246186247722073
-0.0801352541028855	0.0246186247722073
-0.0782395189379862	0.0246186247722073
-0.0763473707859483	0.0246186247722073
-0.0744587960980802	0.0246186247722073
-0.0725737814023089	0.0246186247722073
-0.0706923133026034	0.0246186247722073
-0.0688143784784032	0.0246186247722073
-0.0669399636840529	0.0246186247722073
-0.0650690557482412	0.0246186247722073
-0.0632016415734457	0.0246186247722073
-0.0613377081353831	0.0246186247722073
-0.0594772424824634	0.0246186247722073
-0.0576202317352506	0.0246186247722073
-0.0557666630859276	0.0246186247722073
-0.0539165237977662	0.0246186247722073
-0.0520698012046015	0.0246186247722073
-0.0502264827103123	0.0246186247722073
-0.0483865557883052	0.0246186247722073
-0.0465500079810037	0.0246186247722073
-0.0447168268993427	0.0246186247722073
-0.0428870002222665	0.0246186247722073
-0.0410605156962322	0.0246186247722073
-0.0392373611347171	0.0246186247722073
-0.0374175244177312	0.0246186247722073
-0.0356009934913333	0.0246186247722073
-0.0337877563671524	0.0246186247722073
-0.0319778011219129	0.0246186247722073
-0.0301711158969639	0.0246186247722073
-0.0283676888978133	0.0246186247722073
-0.0265675083936654	0.0246186247722073
-0.0247705627169638	0.0246186247722073
-0.0229768402629368	0.0246186247722073
-0.0211863294891486	0.0246186247722073
-0.0193990189150528	0.0246186247722073
-0.0176148971215515	0.0246186247722073
-0.0158339527505567	0.0246186247722073
-0.0140561745045573	0.0246186247722073
-0.0122815511461888	0.0246186247722073
-0.0105100714978068	0.0246186247722073
-0.00874172444106481	0.0246186247722073
-0.00697649891649570	0.0246186247722073
-0.00521438392309644	0.0246186247722073
-0.00345536851791677	0.0246186247722073
-0.00169944181565188	0.0246186247722073
5.34070117623731e-05	0.0246186247722073
0.00180318873555015	0.0246186247722073
0.00354991407049190	0.0246186247722073
0.00529359367531863	0.0246186247722073
0.00703423815310274	0.0246186247722073
0.00877185805164341	0.0246186247722073
0.0105064638638518	0.0246186247722073
0.0122380660281298	0.0246186247722073
0.0139666749287475	0.0246186247722073
0.0156923008962173	0.0246186247722073
0.0174149542076634	0.0246186247722073
0.0191346450871901	0.0246186247722073
0.0208513837062445	0.0246186247722073
0.0225651801839793	0.0246186247722073
0.0242760445876088	0.0246186247722073
0.0259839869327648	0.0246186247722073
0.0276890171838487	0.0246186247722073
0.0293911452543791	0.0246186247722073
0.0310903810073390	0.0246186247722073
0.0327867342555175	0.0246186247722073
0.0344802147618504	0.0246186247722073
0.0361708322397580	0.0246186247722073
0.0378585963534776	0.0246186247722073
0.0395435167183972	0.0246186247722073
0.0412256029013821	0.0246186247722073
0.0429048644211020	0.0246186247722073
-0.283708060290170	0.0574055100181089
-0.260718542065472	0.0574055100181089
-0.238245686213413	0.0574055100181089
-0.227195850026828	0.0574055100181089
-0.216266779494638	0.0574055100181089
-0.205455863390422	0.0574055100181089
-0.194760574273674	0.0574055100181089
-0.184178464943137	0.0574055100181089
-0.173707165075842	0.0574055100181089
-0.163344378040295	0.0574055100181089
-0.153087877873106	0.0574055100181089
-0.142935506409088	0.0574055100181089
-0.132885170555587	0.0574055100181089
-0.128893149286049	0.0574055100181089
-0.124917000906410	0.0574055100181089
-0.122934839702419	0.0574055100181089
-0.120956599690313	0.0574055100181089
-0.117011821399296	0.0574055100181089
-0.113082543259407	0.0574055100181089
-0.109168643938271	0.0574055100181089
-0.105270003522613	0.0574055100181089
-0.103326368314042	0.0574055100181089
-0.101386503496216	0.0574055100181089
-0.0975180267182954	0.0574055100181089
-0.0936644574023054	0.0574055100181089
-0.0898256810951398	0.0574055100181089
-0.0860015846567362	0.0574055100181089
-0.0840950063861546	0.0574055100181089
-0.0821920562400685	0.0574055100181089
-0.0783969852715169	0.0574055100181089
-0.0765048371194790	0.0574055100181089
-0.0746162624316109	0.0574055100181089
-0.0727312477358396	0.0574055100181089
-0.0708497796361340	0.0574055100181089
-0.0689718448119339	0.0574055100181089
-0.0670974300175835	0.0574055100181089
-0.0652265220817718	0.0574055100181089
-0.0633591079069765	0.0574055100181089
-0.0614951744689137	0.0574055100181089
-0.0596347088159940	0.0574055100181089
-0.0577776980687812	0.0574055100181089
-0.0559241294194584	0.0574055100181089
-0.0540739901312969	0.0574055100181089
-0.0522272675381322	0.0574055100181089
-0.0503839490438429	0.0574055100181089
-0.0485440221218358	0.0574055100181089
-0.0467074743145344	0.0574055100181089
-0.0448742932328734	0.0574055100181089
-0.0430444665557972	0.0574055100181089
-0.0412179820297628	0.0574055100181089
-0.0393948274682478	0.0574055100181089
-0.0375749907512618	0.0574055100181089
-0.0357584598248639	0.0574055100181089
-0.0339452227006831	0.0574055100181089
-0.0321352674554437	0.0574055100181089
-0.0303285822304946	0.0574055100181089
-0.0285251552313439	0.0574055100181089
-0.0267249747271960	0.0574055100181089
-0.0249280290504944	0.0574055100181089
-0.0231343065964675	0.0574055100181089
-0.0213437958226792	0.0574055100181089
-0.0195564852485835	0.0574055100181089
-0.0177723634550820	0.0574055100181089
-0.0159914190840874	0.0574055100181089
-0.0142136408380880	0.0574055100181089
-0.0124390174797195	0.0574055100181089
-0.0106675378313374	0.0574055100181089
-0.00889919077459551	0.0574055100181089
-0.00713396525002635	0.0574055100181089
-0.00537185025662705	0.0574055100181089
-0.00361283485144745	0.0574055100181089
-0.00185690814918262	0.0574055100181089
-0.000104059321768215	0.0574055100181089
0.00164572240201960	0.0574055100181089
0.00339244773696118	0.0574055100181089
0.00513612734178795	0.0574055100181089
0.00687677181957211	0.0574055100181089
0.00861439171811282	0.0574055100181089
0.0103489975303211	0.0574055100181089
0.0120805996945991	0.0574055100181089
0.0138092085952168	0.0574055100181089
0.0155348345626867	0.0574055100181089
0.0172574878741328	0.0574055100181089
0.0189771787536593	0.0574055100181089
0.0206939173727140	0.0574055100181089
0.0224077138504486	0.0574055100181089
0.0241185782540782	0.0574055100181089
0.0258265205992342	0.0574055100181089
0.0275315508503180	0.0574055100181089
0.0292336789208486	0.0574055100181089
0.0309329146738083	0.0574055100181089
0.0326292679219866	0.0574055100181089
0.0343227484283198	0.0574055100181089
0.0360133659062272	0.0574055100181089
0.0377011300199471	0.0574055100181089
0.0393860503848665	0.0574055100181089
0.0410681365678513	0.0574055100181089
0.0427473980875714	0.0574055100181089
0.0444238444148237	0.0574055100181089
0.0460974849728534	0.0574055100181089
0.0477683291376710	0.0574055100181089
0.0494363862383679	0.0574055100181089
0.0511016655574292	0.0574055100181089
0.0527641763310426	0.0574055100181089
0.0544239277494069	0.0574055100181089
0.0560809289570366	0.0574055100181089
0.0577351890530630	0.0574055100181089
0.0593867170915361	0.0574055100181089
0.0626816129883885	0.0574055100181089
-0.205573963140570	0.0819956739525351
-0.203425734602281	0.0819956739525351
-0.199143072810280	0.0819956739525351
-0.194878674023822	0.0819956739525351
-0.190632383142371	0.0819956739525351
-0.186404047032850	0.0819956739525351
-0.184296564693285	0.0819956739525351
-0.182193514496506	0.0819956739525351
-0.178000636236470	0.0819956739525351
-0.173825264825990	0.0819956739525351
-0.169667254677326	0.0819956739525351
-0.165526462011295	0.0819956739525351
-0.163462477790443	0.0819956739525351
-0.161402744827433	0.0819956739525351
-0.157295962874779	0.0819956739525351
-0.153205977623254	0.0819956739525351
-0.151167240933406	0.0819956739525351
-0.149132652235618	0.0819956739525351
-0.147102194685236	0.0819956739525351
-0.145075851540004	0.0819956739525351
-0.143053606159236	0.0819956739525351
-0.141035442002999	0.0819956739525351
-0.139021342631298	0.0819956739525351
-0.137011291703274	0.0819956739525351
-0.135005272976408	0.0819956739525351
-0.133003270305735	0.0819956739525351
-0.131005267643062	0.0819956739525351
-0.129011249036197	0.0819956739525351
-0.127021198628187	0.0819956739525351
-0.125035100656558	0.0819956739525351
-0.123052939452567	0.0819956739525351
-0.121074699440461	0.0819956739525351
-0.119100365136743	0.0819956739525351
-0.117129921149445	0.0819956739525351
-0.115163352177404	0.0819956739525351
-0.113200643009555	0.0819956739525351
-0.111241778524222	0.0819956739525351
-0.109286743688419	0.0819956739525351
-0.107335523557157	0.0819956739525351
-0.105388103272761	0.0819956739525351
-0.103444468064190	0.0819956739525351
-0.101504603246364	0.0819956739525351
-0.0995684942194973	0.0819956739525351
-0.0976361264684434	0.0819956739525351
-0.0957074855620377	0.0819956739525351
-0.0937825571524534	0.0819956739525351
-0.0918613269745595	0.0819956739525351
-0.0899437808452877	0.0819956739525351
-0.0880299046630035	0.0819956739525351
-0.0861196844068842	0.0819956739525351
-0.0842131061363027	0.0819956739525351
-0.0823101559902166	0.0819956739525351
-0.0804108201865641	0.0819956739525351
-0.0785150850216650	0.0819956739525351
-0.0766229368696270	0.0819956739525351
-0.0747343621817589	0.0819956739525351
-0.0728493474859876	0.0819956739525351
-0.0709678793862820	0.0819956739525351
-0.0690899445620819	0.0819956739525351
-0.0672155297677315	0.0819956739525351
-0.0653446218319199	0.0819956739525351
-0.0634772076571245	0.0819956739525351
-0.0616132742190617	0.0819956739525351
-0.0597528085661420	0.0819956739525351
-0.0578957978189292	0.0819956739525351
-0.0560422291696063	0.0819956739525351
-0.0541920898814449	0.0819956739525351
-0.0523453672882802	0.0819956739525351
-0.0505020487939910	0.0819956739525351
-0.0486621218719837	0.0819956739525351
-0.0468255740646823	0.0819956739525351
-0.0449923929830214	0.0819956739525351
-0.0431625663059452	0.0819956739525351
-0.0413360817799109	0.0819956739525351
-0.0395129272183957	0.0819956739525351
-0.0376930905014098	0.0819956739525351
-0.0358765595750120	0.0819956739525351
-0.0340633224508311	0.0819956739525351
-0.0322533672055916	0.0819956739525351
-0.0304466819806425	0.0819956739525351
-0.0286432549814919	0.0819956739525351
-0.0268430744773441	0.0819956739525351
-0.0250461288006424	0.0819956739525351
-0.0232524063466155	0.0819956739525351
-0.0214618955728272	0.0819956739525351
-0.0196745849987315	0.0819956739525351
-0.0178904632052301	0.0819956739525351
-0.0161095188342353	0.0819956739525351
-0.0143317405882360	0.0819956739525351
-0.0125571172298675	0.0819956739525351
-0.0107856375814855	0.0819956739525351
-0.00901729052474351	0.0819956739525351
-0.00725206500017431	0.0819956739525351
-0.00548995000677507	0.0819956739525351
-0.00373093460159544	0.0819956739525351
-0.00197500789933057	0.0819956739525351
-0.000222159071916228	0.0819956739525351
0.00152762265187141	0.0819956739525351
0.00327434798681314	0.0819956739525351
0.00501802759164006	0.0819956739525351
0.00675867206942393	0.0819956739525351
0.00849629196796480	0.0819956739525351
0.0102308977801732	0.0819956739525351
0.0119624999444512	0.0819956739525351
0.0136911088450688	0.0819956739525351
0.0154167348125386	0.0819956739525351
0.0171393881239849	0.0819956739525351
0.0188590790035113	0.0819956739525351
0.0205758176225660	0.0819956739525351
0.0222896141003007	0.0819956739525351
0.0240004785039300	0.0819956739525351
0.0257084208490862	0.0819956739525351
0.0274134511001701	0.0819956739525351
0.0291155791707006	0.0819956739525351
0.0308148149236602	0.0819956739525351
0.0325111681718387	0.0819956739525351
0.0342046486781719	0.0819956739525351
0.0358952661560792	0.0819956739525351
0.0375830302697990	0.0819956739525351
0.0392679506347186	0.0819956739525351
0.0409500368177033	0.0819956739525351
0.0426292983374233	0.0819956739525351
0.0443057446646757	0.0819956739525351
0.0459793852227054	0.0819956739525351
0.0476502293875229	0.0819956739525351
0.0493182864882200	0.0819956739525351
0.0509835658072812	0.0819956739525351
0.0526460765808946	0.0819956739525351
0.0543058279992590	0.0819956739525351
0.0559628292068886	0.0819956739525351
0.0576170893029150	0.0819956739525351
0.0592686173413880	0.0819956739525351
0.0609174223315719	0.0819956739525351
0.0625635132382407	0.0819956739525351
0.0642068989819706	0.0819956739525351
0.0658475884394305	0.0819956739525351
0.0674855904436690	0.0819956739525351
0.0691209137843996	0.0819956739525351
0.0707535672082850	0.0819956739525351
0.0723835594192161	0.0819956739525351
0.0740108990785914	0.0819956739525351
0.0756355948055933	0.0819956739525351
0.0772576551774614	0.0819956739525351
0.0788770887297645	0.0819956739525351
0.0804939039566696	0.0819956739525351
0.0821081093112108	0.0819956739525351
0.0837197132055524	0.0819956739525351
0.0853287240112530	0.0819956739525351
0.0869351500595267	0.0819956739525351
0.0885389996415013	0.0819956739525351
0.0901402810084750	0.0819956739525351
-0.326676320811961	0.100381375227793
-0.321833696336173	0.100381375227793
-0.319421149930789	0.100381375227793
-0.317014409900224	0.100381375227793
-0.312218237636731	0.100381375227793
-0.307444958884073	0.100381375227793
-0.302694356125475	0.100381375227793
-0.297966214929529	0.100381375227793
-0.295610501237070	0.100381375227793
-0.293260323892117	0.100381375227793
-0.288576474579690	0.100381375227793
-0.283914461473879	0.100381375227793
-0.279274081917377	0.100381375227793
-0.274655136061082	0.100381375227793
-0.272353639072803	0.100381375227793
-0.270057426812453	0.100381375227793
-0.265480759785041	0.100381375227793
-0.263200257086316	0.100381375227793
-0.260924943249180	0.100381375227793
-0.258654794714641	0.100381375227793
-0.256389788083789	0.100381375227793
-0.254129900116352	0.100381375227793
-0.251875107729262	0.100381375227793
-0.249625387995247	0.100381375227793
-0.247380718141423	0.100381375227793
-0.245141075547918	0.100381375227793
-0.242906437746502	0.100381375227793
-0.240676782419233	0.100381375227793
-0.238452087397122	0.100381375227793
-0.236232330658809	0.100381375227793
-0.234017490329256	0.100381375227793
-0.231807544678453	0.100381375227793
-0.229602472120139	0.100381375227793
-0.227402251210537	0.100381375227793
-0.225206860647101	0.100381375227793
-0.223016279267282	0.100381375227793
-0.220830486047302	0.100381375227793
-0.218649460100942	0.100381375227793
-0.216473180678346	0.100381375227793
-0.214301627164839	0.100381375227793
-0.212134779079748	0.100381375227793
-0.209972616075253	0.100381375227793
-0.207815117935232	0.100381375227793
-0.205662264574131	0.100381375227793
-0.203514036035841	0.100381375227793
-0.201370412492590	0.100381375227793
-0.199231374243841	0.100381375227793
-0.197096901715208	0.100381375227793
-0.194966975457383	0.100381375227793
-0.192841576145069	0.100381375227793
-0.190720684575932	0.100381375227793
-0.188604281669554	0.100381375227793
-0.186492348466411	0.100381375227793
-0.184384866126846	0.100381375227793
-0.182281815930067	0.100381375227793
-0.180183179273146	0.100381375227793
-0.178088937670031	0.100381375227793
-0.175999072750572	0.100381375227793
-0.173913566259551	0.100381375227793
-0.171832400055726	0.100381375227793
-0.169755556110887	0.100381375227793
-0.167683016508914	0.100381375227793
-0.165614763444856	0.100381375227793
-0.163550779224004	0.100381375227793
-0.161491046260993	0.100381375227793
-0.159435547078897	0.100381375227793
-0.157384264308340	0.100381375227793
-0.155337180686615	0.100381375227793
-0.153294279056815	0.100381375227793
-0.151255542366967	0.100381375227793
-0.149220953669179	0.100381375227793
-0.147190496118797	0.100381375227793
-0.145164152973565	0.100381375227793
-0.143141907592797	0.100381375227793
-0.141123743436560	0.100381375227793
-0.139109644064858	0.100381375227793
-0.137099593136834	0.100381375227793
-0.135093574409968	0.100381375227793
-0.133091571739295	0.100381375227793
-0.131093569076622	0.100381375227793
-0.129099550469758	0.100381375227793
-0.127109500061748	0.100381375227793
-0.125123402090119	0.100381375227793
-0.123141240886127	0.100381375227793
-0.121163000874022	0.100381375227793
-0.119188666570304	0.100381375227793
-0.117218222583005	0.100381375227793
-0.115251653610965	0.100381375227793
-0.113288944443116	0.100381375227793
-0.111330079957783	0.100381375227793
-0.109375045121979	0.100381375227793
-0.107423824990718	0.100381375227793
-0.105476404706322	0.100381375227793
-0.103532769497751	0.100381375227793
-0.101592904679924	0.100381375227793
-0.0996567956530581	0.100381375227793
-0.0977244279020041	0.100381375227793
-0.0957957869955986	0.100381375227793
-0.0938708585860142	0.100381375227793
-0.0919496284081202	0.100381375227793
-0.0900320822788485	0.100381375227793
-0.0881182060965643	0.100381375227793
-0.0862079858404450	0.100381375227793
-0.0843014075698635	0.100381375227793
-0.0823984574237774	0.100381375227793
-0.0804991216201249	0.100381375227793
-0.0786033864552257	0.100381375227793
-0.0767112383031878	0.100381375227793
-0.0748226636153197	0.100381375227793
-0.0729376489195483	0.100381375227793
-0.0710561808198428	0.100381375227793
-0.0691782459956427	0.100381375227793
-0.0673038312012923	0.100381375227793
-0.0654329232654807	0.100381375227793
-0.0635655090906852	0.100381375227793
-0.0617015756526225	0.100381375227793
-0.0598411099997028	0.100381375227793
-0.0579840992524901	0.100381375227793
-0.0561305306031671	0.100381375227793
-0.0542803913150057	0.100381375227793
-0.0524336687218410	0.100381375227793
-0.0505903502275517	0.100381375227793
-0.0487504233055445	0.100381375227793
-0.0469138754982432	0.100381375227793
-0.0450806944165822	0.100381375227793
-0.0432508677395060	0.100381375227793
-0.0414243832134717	0.100381375227793
-0.0396012286519566	0.100381375227793
-0.0377813919349706	0.100381375227793
-0.0359648610085728	0.100381375227793
-0.0341516238843919	0.100381375227793
-0.0323416686391524	0.100381375227793
-0.0305349834142034	0.100381375227793
-0.0287315564150527	0.100381375227793
-0.0269313759109048	0.100381375227793
-0.0251344302342031	0.100381375227793
-0.0233407077801763	0.100381375227793
-0.0215501970063880	0.100381375227793
-0.0197628864322922	0.100381375227793
-0.0179787646387909	0.100381375227793
-0.0161978202677961	0.100381375227793
-0.0144200420217968	0.100381375227793
-0.0126454186634283	0.100381375227793
-0.0108739390150463	0.100381375227793
-0.00910559195830423	0.100381375227793
-0.00734036643373517	0.100381375227793
-0.00557825144033586	0.100381375227793
-0.00381923603515625	0.100381375227793
-0.00206330933289141	0.100381375227793
-0.000310460505476996	0.100381375227793
0.00143932121831072	0.100381375227793
0.00318604655325242	0.100381375227793
0.00492972615807931	0.100381375227793
0.00667037063586314	0.100381375227793
0.00840799053440398	0.100381375227793
0.0101425963466123	0.100381375227793
0.0118741985108903	0.100381375227793
0.0136028074115081	0.100381375227793
0.0153284333789779	0.100381375227793
0.0170510866904241	0.100381375227793
0.0187707775699505	0.100381375227793
0.0204875161890051	0.100381375227793
0.0222013126667399	0.100381375227793
0.0239121770703693	0.100381375227793
0.0256201194155255	0.100381375227793
0.0273251496666093	0.100381375227793
0.0290272777371396	0.100381375227793
0.0307265134900995	0.100381375227793
0.0324228667382779	0.100381375227793
0.0341163472446110	0.100381375227793
0.0358069647225185	0.100381375227793
0.0374947288362383	0.100381375227793
0.0391796492011576	0.100381375227793
0.0408617353841425	0.100381375227793
0.0425409969038625	0.100381375227793
0.0442174432311149	0.100381375227793
0.0458910837891446	0.100381375227793
0.0475619279539622	0.100381375227793
0.0492299850546593	0.100381375227793
0.0508952643737203	0.100381375227793
0.0525577751473338	0.100381375227793
0.0542175265656982	0.100381375227793
0.0558745277733278	0.100381375227793
0.0575287878693543	0.100381375227793
0.0591803159078273	0.100381375227793
0.0608291208980110	0.100381375227793
0.0624752118046797	0.100381375227793
0.0641185975484098	0.100381375227793
0.0657592870058697	0.100381375227793
0.0673972890101082	0.100381375227793
0.0690326123508390	0.100381375227793
0.0706652657747243	0.100381375227793
0.0722952579856552	0.100381375227793
0.0739225976450306	0.100381375227793
0.0755472933720326	0.100381375227793
0.0771693537439006	0.100381375227793
0.0787887872962036	0.100381375227793
0.0804056025231090	0.100381375227793
0.0820198078776500	0.100381375227793
0.0836314117719915	0.100381375227793
0.0852404225776922	0.100381375227793
0.0868468486259660	0.100381375227793
0.0884506982079405	0.100381375227793
0.0900519795749144	0.100381375227793
0.0916507009386114	0.100381375227793
0.0932468704714334	0.100381375227793
0.0948404963067114	0.100381375227793
0.0964315865389533	0.100381375227793
0.0980201492240912	0.100381375227793
0.0996061923797260	0.100381375227793
0.101189723985370	0.100381375227793
0.104349284275739	0.100381375227793
0.105925328731204	0.100381375227793
0.107498893178635	0.100381375227793
0.110638613183303	0.100381375227793
0.113768506192230	0.100381375227793
0.116888633528474	0.100381375227793
0.119999055942866	0.100381375227793
0.121550646634285	0.100381375227793
0.123099833621115	0.100381375227793
0.129272692728196	0.100381375227793
-0.361615086321955	0.176884107468230
-0.356602544498410	0.176884107468230
-0.351615002987371	0.176884107468230
-0.346652213645242	0.176884107468230
-0.344180024499853	0.176884107468230
-0.341713932004660	0.176884107468230
-0.336799917202230	0.176884107468230
-0.331909931908039	0.176884107468230
-0.327043742256866	0.176884107468230
-0.322201117781078	0.176884107468230
-0.319788571375694	0.176884107468230
-0.317381831345129	0.176884107468230
-0.312585659081636	0.176884107468230
-0.307812380328978	0.176884107468230
-0.303061777570380	0.176884107468230
-0.298333636374434	0.176884107468230
-0.295977922681975	0.176884107468230
-0.293627745337022	0.176884107468230
-0.288943896024595	0.176884107468230
-0.284281882918784	0.176884107468230
-0.279641503362282	0.176884107468230
-0.275022557505987	0.176884107468230
-0.272721060517708	0.176884107468230
-0.270424848257358	0.176884107468230
-0.265848181229946	0.176884107468230
-0.261292364694085	0.176884107468230
-0.256757209528694	0.176884107468230
-0.252242529174167	0.176884107468230
-0.249992809440152	0.176884107468230
-0.247748139586328	0.176884107468230
-0.243273859191407	0.176884107468230
-0.241044203864138	0.176884107468230
-0.238819508842027	0.176884107468230
-0.236599752103714	0.176884107468230
-0.234384911774161	0.176884107468230
-0.232174966123358	0.176884107468230
-0.229969893565044	0.176884107468230
-0.227769672655442	0.176884107468230
-0.225574282092006	0.176884107468230
-0.223383700712187	0.176884107468230
-0.221197907492207	0.176884107468230
-0.219016881545847	0.176884107468230
-0.216840602123251	0.176884107468230
-0.214669048609744	0.176884107468230
-0.212502200524653	0.176884107468230
-0.210340037520158	0.176884107468230
-0.208182539380137	0.176884107468230
-0.206029686019036	0.176884107468230
-0.203881457480746	0.176884107468230
-0.201737833937495	0.176884107468230
-0.199598795688745	0.176884107468230
-0.197464323160113	0.176884107468230
-0.195334396902288	0.176884107468230
-0.193208997589974	0.176884107468230
-0.191088106020837	0.176884107468230
-0.188971703114459	0.176884107468230
-0.186859769911316	0.176884107468230
-0.184752287571751	0.176884107468230
-0.182649237374972	0.176884107468230
-0.180550600718051	0.176884107468230
-0.178456359114936	0.176884107468230
-0.176366494195477	0.176884107468230
-0.174280987704456	0.176884107468230
-0.172199821500631	0.176884107468230
-0.170122977555792	0.176884107468230
-0.168050437953819	0.176884107468230
-0.165982184889760	0.176884107468230
-0.163918200668909	0.176884107468230
-0.161858467705898	0.176884107468230
-0.159802968523802	0.176884107468230
-0.157751685753245	0.176884107468230
-0.155704602131520	0.176884107468230
-0.153661700501720	0.176884107468230
-0.151622963811872	0.176884107468230
-0.149588375114084	0.176884107468230
-0.147557917563702	0.176884107468230
-0.145531574418470	0.176884107468230
-0.143509329037702	0.176884107468230
-0.141491164881465	0.176884107468230
-0.139477065509763	0.176884107468230
-0.137467014581739	0.176884107468230
-0.135460995854874	0.176884107468230
-0.133458993184200	0.176884107468230
-0.131460990521527	0.176884107468230
-0.129466971914663	0.176884107468230
-0.127476921506653	0.176884107468230
-0.125490823535024	0.176884107468230
-0.123508662331032	0.176884107468230
-0.121530422318927	0.176884107468230
-0.119556088015209	0.176884107468230
-0.117585644027910	0.176884107468230
-0.115619075055869	0.176884107468230
-0.113656365888021	0.176884107468230
-0.111697501402688	0.176884107468230
-0.109742466566884	0.176884107468230
-0.107791246435623	0.176884107468230
-0.105843826151227	0.176884107468230
-0.103900190942656	0.176884107468230
-0.101960326124829	0.176884107468230
-0.100024217097963	0.176884107468230
-0.0980918493469091	0.176884107468230
-0.0961632084405035	0.176884107468230
-0.0942382800309191	0.176884107468230
-0.0923170498530252	0.176884107468230
-0.0903995037237533	0.176884107468230
-0.0884856275414692	0.176884107468230
-0.0865754072853499	0.176884107468230
-0.0846688290147684	0.176884107468230
-0.0827658788686822	0.176884107468230
-0.0808665430650298	0.176884107468230
-0.0789708079001306	0.176884107468230
-0.0770786597480927	0.176884107468230
-0.0751900850602246	0.176884107468230
-0.0733050703644533	0.176884107468230
-0.0714236022647478	0.176884107468230
-0.0695456674405476	0.176884107468230
-0.0676712526461973	0.176884107468230
-0.0658003447103856	0.176884107468230
-0.0639329305355901	0.176884107468230
-0.0620689970975274	0.176884107468230
-0.0602085314446077	0.176884107468230
-0.0583515206973950	0.176884107468230
-0.0564979520480720	0.176884107468230
-0.0546478127599106	0.176884107468230
-0.0528010901667459	0.176884107468230
-0.0509577716724566	0.176884107468230
-0.0491178447504495	0.176884107468230
-0.0472812969431480	0.176884107468230
-0.0454481158614871	0.176884107468230
-0.0436182891844109	0.176884107468230
-0.0417918046583766	0.176884107468230
-0.0399686500968615	0.176884107468230
-0.0381488133798755	0.176884107468230
-0.0363322824534777	0.176884107468230
-0.0345190453292968	0.176884107468230
-0.0327090900840574	0.176884107468230
-0.0309024048591083	0.176884107468230
-0.0290989778599575	0.176884107468230
-0.0272987973558097	0.176884107468230
-0.0255018516791081	0.176884107468230
-0.0237081292250812	0.176884107468230
-0.0219176184512929	0.176884107468230
-0.0201303078771972	0.176884107468230
-0.0183461860836958	0.176884107468230
-0.0165652417127010	0.176884107468230
-0.0147874634667017	0.176884107468230
-0.0130128401083332	0.176884107468230
-0.0112413604599512	0.176884107468230
-0.00947301340320916	0.176884107468230
-0.00770778787864009	0.176884107468230
-0.00594567288524076	0.176884107468230
-0.00418665748006114	0.176884107468230
-0.00243073077779629	0.176884107468230
-0.000677881950381863	0.176884107468230
0.00107189977340576	0.176884107468230
0.00281862510834736	0.176884107468230
0.00456230471317437	0.176884107468230
0.00630294919095833	0.176884107468230
0.00804056908949906	0.176884107468230
0.00977517490170754	0.176884107468230
0.0115067770659854	0.176884107468230
0.0132353859666031	0.176884107468230
0.0149610119340728	0.176884107468230
0.0166836652455192	0.176884107468230
0.0184033561250457	0.176884107468230
0.0201200947441002	0.176884107468230
0.0218338912218350	0.176884107468230
0.0235447556254644	0.176884107468230
0.0252526979706205	0.176884107468230
0.0269577282217042	0.176884107468230
0.0286598562922349	0.176884107468230
0.0303590920451946	0.176884107468230
0.0320554452933730	0.176884107468230
0.0337489257997062	0.176884107468230
0.0354395432776136	0.176884107468230
0.0371273073913333	0.176884107468230
0.0388122277562527	0.176884107468230
0.0404943139392377	0.176884107468230
0.0421735754589576	0.176884107468230
0.0438500217862099	0.176884107468230
0.0455236623442397	0.176884107468230
0.0471945065090573	0.176884107468230
0.0488625636097542	0.176884107468230
0.0505278429288154	0.176884107468230
0.0521903537024290	0.176884107468230
0.0538501051207933	0.176884107468230
0.0555071063284228	0.176884107468230
0.0571613664244494	0.176884107468230
0.0588128944629224	0.176884107468230
0.0604616994531061	0.176884107468230
0.0621077903597748	0.176884107468230
0.0637511761035050	0.176884107468230
0.0653918655609648	0.176884107468230
0.0670298675652031	0.176884107468230
0.0686651909059341	0.176884107468230
0.0702978443298193	0.176884107468230
0.0719278365407503	0.176884107468230
0.0735551762001257	0.176884107468230
0.0751798719271277	0.176884107468230
0.0768019322989957	0.176884107468230
0.0784213658512986	0.176884107468230
0.0800381810782041	0.176884107468230
0.0816523864327451	0.176884107468230
0.0832639903270866	0.176884107468230
0.0848730011327872	0.176884107468230
0.0864794271810611	0.176884107468230
0.0880832767630355	0.176884107468230
0.0896845581300093	0.176884107468230
0.0912832794937065	0.176884107468230
0.0928794490265286	0.176884107468230
0.0944730748618065	0.176884107468230
0.0960641650940483	0.176884107468230
0.0976527277791863	0.176884107468230
0.0992387709348210	0.176884107468230
0.100822302540465	0.176884107468230
0.103981862830834	0.176884107468230
0.105557907286299	0.176884107468230
0.107131471733730	0.176884107468230
0.110271191738398	0.176884107468230
0.113401084747325	0.176884107468230
0.116521212083569	0.176884107468230
0.119631634497962	0.176884107468230
0.121183225189380	0.176884107468230
0.122732412176210	0.176884107468230
0.128905271283291	0.176884107468230
0.136568144028860	0.176884107468230
0.144172743414079	0.176884107468230
0.159210620778620	0.176884107468230
-0.369711126422501	0.254126821493519
-0.367182680069142	0.254126821493519
-0.362144886039185	0.254126821493519
-0.357132344215641	0.254126821493519
-0.352144802704601	0.254126821493519
-0.347182013362472	0.254126821493519
-0.344709824217083	0.254126821493519
-0.342243731721890	0.254126821493519
-0.337329716919461	0.254126821493519
-0.332439731625269	0.254126821493519
-0.327573541974096	0.254126821493519
-0.322730917498308	0.254126821493519
-0.320318371092924	0.254126821493519
-0.317911631062359	0.254126821493519
-0.313115458798866	0.254126821493519
-0.308342180046208	0.254126821493519
-0.303591577287611	0.254126821493519
-0.298863436091665	0.254126821493519
-0.296507722399206	0.254126821493519
-0.294157545054252	0.254126821493519
-0.289473695741826	0.254126821493519
-0.284811682636014	0.254126821493519
-0.280171303079512	0.254126821493519
-0.275552357223218	0.254126821493519
-0.273250860234938	0.254126821493519
-0.270954647974588	0.254126821493519
-0.266377980947176	0.254126821493519
-0.261822164411316	0.254126821493519
-0.257287009245924	0.254126821493519
-0.252772328891398	0.254126821493519
-0.250522609157382	0.254126821493519
-0.248277939303558	0.254126821493519
-0.243803658908637	0.254126821493519
-0.239349308559257	0.254126821493519
-0.237129551820944	0.254126821493519
-0.234914711491391	0.254126821493519
-0.232704765840589	0.254126821493519
-0.230499693282274	0.254126821493519
-0.228299472372672	0.254126821493519
-0.226104081809236	0.254126821493519
-0.223913500429418	0.254126821493519
-0.221727707209437	0.254126821493519
-0.219546681263077	0.254126821493519
-0.217370401840482	0.254126821493519
-0.215198848326974	0.254126821493519
-0.213032000241884	0.254126821493519
-0.210869837237388	0.254126821493519
-0.208712339097367	0.254126821493519
-0.206559485736266	0.254126821493519
-0.204411257197977	0.254126821493519
-0.202267633654725	0.254126821493519
-0.200128595405976	0.254126821493519
-0.197994122877343	0.254126821493519
-0.195864196619518	0.254126821493519
-0.193738797307205	0.254126821493519
-0.191617905738067	0.254126821493519
-0.189501502831689	0.254126821493519
-0.187389569628546	0.254126821493519
-0.185282087288981	0.254126821493519
-0.183179037092203	0.254126821493519
-0.181080400435281	0.254126821493519
-0.178986158832167	0.254126821493519
-0.176896293912707	0.254126821493519
-0.174810787421686	0.254126821493519
-0.172729621217861	0.254126821493519
-0.170652777273022	0.254126821493519
-0.168580237671050	0.254126821493519
-0.166511984606991	0.254126821493519
-0.164448000386139	0.254126821493519
-0.162388267423129	0.254126821493519
-0.160332768241033	0.254126821493519
-0.158281485470475	0.254126821493519
-0.156234401848750	0.254126821493519
-0.154191500218950	0.254126821493519
-0.152152763529102	0.254126821493519
-0.150118174831314	0.254126821493519
-0.148087717280932	0.254126821493519
-0.146061374135700	0.254126821493519
-0.144039128754932	0.254126821493519
-0.142020964598695	0.254126821493519
-0.140006865226994	0.254126821493519
-0.137996814298970	0.254126821493519
-0.135990795572104	0.254126821493519
-0.133988792901431	0.254126821493519
-0.131990790238758	0.254126821493519
-0.129996771631893	0.254126821493519
-0.128006721223883	0.254126821493519
-0.126020623252254	0.254126821493519
-0.124038462048263	0.254126821493519
-0.122060222036157	0.254126821493519
-0.120085887732439	0.254126821493519
-0.118115443745141	0.254126821493519
-0.116148874773100	0.254126821493519
-0.114186165605251	0.254126821493519
-0.112227301119918	0.254126821493519
-0.110272266284115	0.254126821493519
-0.108321046152853	0.254126821493519
-0.106373625868457	0.254126821493519
-0.104429990659886	0.254126821493519
-0.102490125842060	0.254126821493519
-0.100554016815193	0.254126821493519
-0.0986216490641394	0.254126821493519
-0.0966930081577338	0.254126821493519
-0.0947680797481495	0.254126821493519
-0.0928468495702556	0.254126821493519
-0.0909293034409837	0.254126821493519
-0.0890154272586996	0.254126821493519
-0.0871052070025803	0.254126821493519
-0.0851986287319988	0.254126821493519
-0.0832956785859126	0.254126821493519
-0.0813963427822601	0.254126821493519
-0.0795006076173610	0.254126821493519
-0.0776084594653232	0.254126821493519
-0.0757198847774549	0.254126821493519
-0.0738348700816836	0.254126821493519
-0.0719534019819781	0.254126821493519
-0.0700754671577779	0.254126821493519
-0.0682010523634276	0.254126821493519
-0.0663301444276159	0.254126821493519
-0.0644627302528205	0.254126821493519
-0.0625987968147577	0.254126821493519
-0.0607383311618380	0.254126821493519
-0.0588813204146253	0.254126821493519
-0.0570277517653025	0.254126821493519
-0.0551776124771409	0.254126821493519
-0.0533308898839763	0.254126821493519
-0.0514875713896871	0.254126821493519
-0.0496476444676799	0.254126821493519
-0.0478110966603784	0.254126821493519
-0.0459779155787174	0.254126821493519
-0.0441480889016413	0.254126821493519
-0.0423216043756070	0.254126821493519
-0.0404984498140918	0.254126821493519
-0.0386786130971059	0.254126821493519
-0.0368620821707080	0.254126821493519
-0.0350488450465271	0.254126821493519
-0.0332388898012877	0.254126821493519
-0.0314322045763387	0.254126821493519
-0.0296287775771880	0.254126821493519
-0.0278285970730401	0.254126821493519
-0.0260316513963384	0.254126821493519
-0.0242379289423115	0.254126821493519
-0.0224474181685234	0.254126821493519
-0.0206601075944275	0.254126821493519
-0.0188759858009261	0.254126821493519
-0.0170950414299314	0.254126821493519
-0.0153172631839321	0.254126821493519
-0.0135426398255635	0.254126821493519
-0.0117711601771815	0.254126821493519
-0.0100028131204396	0.254126821493519
-0.00823758759587046	0.254126821493519
-0.00647547260247110	0.254126821493519
-0.00471645719729155	0.254126821493519
-0.00296053049502667	0.254126821493519
-0.00120768166761220	0.254126821493519
0.000542100056175337	0.254126821493519
0.00228882539111708	0.254126821493519
0.00403250499594402	0.254126821493519
0.00577314947372790	0.254126821493519
0.00751076937226878	0.254126821493519
0.00924537518447719	0.254126821493519
0.0109769773487550	0.254126821493519
0.0127055862493728	0.254126821493519
0.0144312122168424	0.254126821493519
0.0161538655282887	0.254126821493519
0.0178735564078154	0.254126821493519
0.0195902950268698	0.254126821493519
0.0213040915046046	0.254126821493519
0.0230149559082341	0.254126821493519
0.0247228982533901	0.254126821493519
0.0264279285044740	0.254126821493519
0.0281300565750046	0.254126821493519
0.0298292923279642	0.254126821493519
0.0315256455761427	0.254126821493519
0.0332191260824756	0.254126821493519
0.0349097435603832	0.254126821493519
0.0365975076741031	0.254126821493519
0.0382824280390224	0.254126821493519
0.0399645142220073	0.254126821493519
0.0416437757417274	0.254126821493519
0.0433202220689796	0.254126821493519
0.0449938626270093	0.254126821493519
0.0466647067918268	0.254126821493519
0.0483327638925239	0.254126821493519
0.0499980432115852	0.254126821493519
0.0516605539851985	0.254126821493519
0.0533203054035630	0.254126821493519
0.0549773066111926	0.254126821493519
0.0566315667072189	0.254126821493519
0.0582830947456920	0.254126821493519
0.0599318997358759	0.254126821493519
0.0615779906425445	0.254126821493519
0.0632213763862746	0.254126821493519
0.0648620658437344	0.254126821493519
0.0665000678479728	0.254126821493519
0.0681353911887037	0.254126821493519
0.0697680446125889	0.254126821493519
0.0713980368235200	0.254126821493519
0.0730253764828955	0.254126821493519
0.0746500722098973	0.254126821493519
0.0762721325817654	0.254126821493519
0.0778915661340682	0.254126821493519
0.0795083813609736	0.254126821493519
0.0811225867155148	0.254126821493519
0.0827341906098562	0.254126821493519
0.0843432014155570	0.254126821493519
0.0859496274638308	0.254126821493519
0.0875534770458051	0.254126821493519
0.0891547584127791	0.254126821493519
0.0907534797764762	0.254126821493519
0.0923496493092982	0.254126821493519
0.0939432751445763	0.254126821493519
0.0955343653768180	0.254126821493519
0.0971229280619559	0.254126821493519
0.0987089712175907	0.254126821493519
0.100292502823235	0.254126821493519
0.103452063113604	0.254126821493519
0.105028107569069	0.254126821493519
0.106601672016500	0.254126821493519
0.109741392021167	0.254126821493519
0.112871285030095	0.254126821493519
0.115991412366339	0.254126821493519
0.119101834780731	0.254126821493519
0.120653425472150	0.254126821493519
0.122202612458979	0.254126821493519
0.128375471566060	0.254126821493519
0.136038344311629	0.254126821493519
0.143642943696849	0.254126821493519
0.158680821061389	0.254126821493519
0.173495906846530	0.254126821493519
-0.613145810023064	0.425517987249651
-0.597145468676623	0.425517987249651
-0.581397111708484	0.425517987249651
-0.565892925172518	0.425517987249651
-0.550625453041730	0.425517987249651
-0.535587575677190	0.425517987249651
-0.520772489892049	0.425517987249651
-0.506173690470896	0.425517987249651
-0.491784953018797	0.425517987249651
-0.477600318026840	0.425517987249651
-0.463614076052100	0.425517987249651
-0.449820753919764	0.425517987249651
-0.436215101863986	0.425517987249651
-0.422792081531845	0.425517987249651
-0.409546854781825	0.425517987249651
-0.396474773214472	0.425517987249651
-0.383571368378564	0.425517987249651
-0.370832342601134	0.425517987249651
-0.358253560394274	0.425517987249651
-0.345831040395717	0.425517987249651
-0.333560947803902	0.425517987249651
-0.321439587271558	0.425517987249651
-0.309463396224842	0.425517987249651
-0.297628938577839	0.425517987249651
-0.285932898814648	0.425517987249651
-0.274372076413572	0.425517987249651
-0.262943380589949	0.425517987249651
-0.251643825336016	0.425517987249651
-0.240470524737891	0.425517987249651
-0.229420688551306	0.425517987249651
-0.218491618019115	0.425517987249651
-0.207680701914900	0.425517987249651
-0.196985412798152	0.425517987249651
-0.186403303467615	0.425517987249651
-0.175932003600319	0.425517987249651
-0.165569216564773	0.425517987249651
-0.155312716397584	0.425517987249651
-0.145160344933566	0.425517987249651
-0.135110009080064	0.425517987249651
-0.125159678226896	0.425517987249651
-0.115307381783884	0.425517987249651
-0.105551206838520	0.425517987249651
-0.0958892959267830	0.425517987249651
-0.0863198449106322	0.425517987249651
-0.0768411009560884	0.425517987249651
-0.0674513606062494	0.425517987249651
-0.0581489679439358	0.425517987249651
-0.0489323128390119	0.425517987249651
-0.0397998292757394	0.425517987249651
-0.0307499937558214	0.425517987249651
-0.0217813237730610	0.425517987249651
-0.0128923763558150	0.425517987249651
-0.00408174667366015	0.425517987249651
0.00465193329509458	0.425517987249651
0.0133099960382092	0.425517987249651
0.0218937397296005	0.425517987249651
0.0304044293975091	0.425517987249651
0.0388432980433738	0.425517987249651
0.0472115477138904	0.425517987249651
0.0555103505285855	0.425517987249651
0.0637408496651010	0.425517987249651
0.0719041603042620	0.425517987249651
0.0800013705368814	0.425517987249651
0.0880335422341456	0.425517987249651
0.0960017118833225	0.425517987249651
0.103906891390436	0.425517987249651
0.111750068851462	0.425517987249651
0.119532209293517	0.425517987249651
0.127254255387427	0.425517987249651
0.134917128132996	0.425517987249651
0.142521727518215	0.425517987249651
0.157559604882756	0.425517987249651
0.172374690667897	0.425517987249651
0.201362227541149	0.425517987249651
0.229533104507845	0.425517987249651
-0.828770121452886	0.597649134790634
-0.808967494156707	0.597649134790634
-0.789549408299605	0.597649134790634
-0.770501213328911	0.597649134790634
-0.751809080316758	0.597649134790634
-0.733459941648562	0.597649134790634
-0.715441436145883	0.597649134790634
-0.697741859046482	0.597649134790634
-0.680350116334613	0.597649134790634
-0.663255682975313	0.597649134790634
-0.646448564658932	0.597649134790634
-0.629919262707721	0.597649134790634
-0.613658741835941	0.597649134790634
-0.597658400489500	0.597649134790634
-0.581910043521361	0.597649134790634
-0.566405856985395	0.597649134790634
-0.551138384854607	0.597649134790634
-0.536100507490066	0.597649134790634
-0.521285421704926	0.597649134790634
-0.506686622283773	0.597649134790634
-0.492297884831673	0.597649134790634
-0.478113249839717	0.597649134790634
-0.464127007864977	0.597649134790634
-0.450333685732641	0.597649134790634
-0.436728033676863	0.597649134790634
-0.423305013344722	0.597649134790634
-0.410059786594701	0.597649134790634
-0.396987705027349	0.597649134790634
-0.384084300191441	0.597649134790634
-0.371345274414011	0.597649134790634
-0.358766492207151	0.597649134790634
-0.346343972208594	0.597649134790634
-0.334073879616779	0.597649134790634
-0.321952519084434	0.597649134790634
-0.309976328037719	0.597649134790634
-0.298141870390716	0.597649134790634
-0.286445830627525	0.597649134790634
-0.274885008226449	0.597649134790634
-0.263456312402826	0.597649134790634
-0.252156757148893	0.597649134790634
-0.240983456550767	0.597649134790634
-0.229933620364182	0.597649134790634
-0.219004549831992	0.597649134790634
-0.208193633727776	0.597649134790634
-0.197498344611029	0.597649134790634
-0.186916235280492	0.597649134790634
-0.176444935413196	0.597649134790634
-0.166082148377650	0.597649134790634
-0.155825648210461	0.597649134790634
-0.145673276746442	0.597649134790634
-0.135622940892941	0.597649134790634
-0.125672610039773	0.597649134790634
-0.115820313596761	0.597649134790634
-0.106064138651397	0.597649134790634
-0.0964022277396597	0.597649134790634
-0.0868327767235090	0.597649134790634
-0.0773540327689653	0.597649134790634
-0.0679642924191262	0.597649134790634
-0.0586618997568127	0.597649134790634
-0.0494452446518887	0.597649134790634
-0.0403127610886162	0.597649134790634
-0.0312629255686983	0.597649134790634
-0.0222942555859379	0.597649134790634
-0.0134053081686918	0.597649134790634
-0.00459467848653695	0.597649134790634
0.00413900148221765	0.597649134790634
0.0127970642253322	0.597649134790634
0.0213808079167237	0.597649134790634
0.0298914975846324	0.597649134790634
0.0383303662304970	0.597649134790634
0.0466986159010136	0.597649134790634
0.0549974187157087	0.597649134790634
0.0632279178522242	0.597649134790634
0.0713912284913851	0.597649134790634
0.0794884387240045	0.597649134790634
0.0875206104212687	0.597649134790634
0.0954887800704456	0.597649134790634
0.103393959577559	0.597649134790634
0.111237137038585	0.597649134790634
0.119019277480640	0.597649134790634
0.126741323574550	0.597649134790634
0.134404196320119	0.597649134790634
0.142008795705338	0.597649134790634
0.157046673069879	0.597649134790634
0.171861758855020	0.597649134790634
0.200849295728272	0.597649134790634
0.229020172694968	0.597649134790634
0.256419146883083	0.597649134790634
0.283087393965244	0.597649134790634
0.309062880368505	0.597649134790634
-1.05315358389868	0.674151867031071
-0.957843404094356	0.674151867031071
-0.913391641523522	0.674151867031071
-0.870832027104726	0.674151867031071
-0.850212739901990	0.674151867031071
-0.830010032584471	0.674151867031071
-0.810207405288291	0.674151867031071
-0.790789319431190	0.674151867031071
-0.771741124460495	0.674151867031071
-0.753048991448343	0.674151867031071
-0.734699852780146	0.674151867031071
-0.716681347277468	0.674151867031071
-0.698981770178067	0.674151867031071
-0.681590027466198	0.674151867031071
-0.664495594106897	0.674151867031071
-0.647688475790516	0.674151867031071
-0.631159173839306	0.674151867031071
-0.614898652967525	0.674151867031071
-0.598898311621084	0.674151867031071
-0.583149954652945	0.674151867031071
-0.567645768116980	0.674151867031071
-0.552378295986191	0.674151867031071
-0.537340418621651	0.674151867031071
-0.522525332836510	0.674151867031071
-0.507926533415358	0.674151867031071
-0.493537795963258	0.674151867031071
-0.479353160971301	0.674151867031071
-0.465366918996562	0.674151867031071
-0.451573596864226	0.674151867031071
-0.437967944808447	0.674151867031071
-0.424544924476306	0.674151867031071
-0.411299697726286	0.674151867031071
-0.398227616158933	0.674151867031071
-0.385324211323025	0.674151867031071
-0.372585185545595	0.674151867031071
-0.360006403338735	0.674151867031071
-0.347583883340178	0.674151867031071
-0.335313790748364	0.674151867031071
-0.323192430216019	0.674151867031071
-0.311216239169303	0.674151867031071
-0.299381781522301	0.674151867031071
-0.287685741759109	0.674151867031071
-0.276124919358033	0.674151867031071
-0.264696223534410	0.674151867031071
-0.253396668280477	0.674151867031071
-0.242223367682352	0.674151867031071
-0.231173531495767	0.674151867031071
-0.220244460963577	0.674151867031071
-0.209433544859361	0.674151867031071
-0.198738255742613	0.674151867031071
-0.188156146412076	0.674151867031071
-0.177684846544781	0.674151867031071
-0.167322059509234	0.674151867031071
-0.157065559342045	0.674151867031071
-0.146913187878027	0.674151867031071
-0.136862852024526	0.674151867031071
-0.126912521171357	0.674151867031071
-0.117060224728346	0.674151867031071
-0.107304049782981	0.674151867031071
-0.0976421388712442	0.674151867031071
-0.0880726878550935	0.674151867031071
-0.0785939439005498	0.674151867031071
-0.0692042035507108	0.674151867031071
-0.0599018108883972	0.674151867031071
-0.0506851557834732	0.674151867031071
-0.0415526722202007	0.674151867031071
-0.0325028367002828	0.674151867031071
-0.0235341667175224	0.674151867031071
-0.0146452193002763	0.674151867031071
-0.00583458961812145	0.674151867031071
0.00289909035063313	0.674151867031071
0.0115571530937478	0.674151867031071
0.0201408967851391	0.674151867031071
0.0286515864530479	0.674151867031071
0.0370904550989126	0.674151867031071
0.0454587047694290	0.674151867031071
0.0537575075841242	0.674151867031071
0.0619880067206396	0.674151867031071
0.0701513173598006	0.674151867031071
0.0782485275924200	0.674151867031071
0.0862806992896842	0.674151867031071
0.0942488689388611	0.674151867031071
0.102154048445974	0.674151867031071
0.109997225907000	0.674151867031071
0.117779366349055	0.674151867031071
0.125501412442965	0.674151867031071
0.133164285188535	0.674151867031071
0.140768884573754	0.674151867031071
0.155806761938294	0.674151867031071
0.170621847723435	0.674151867031071
0.199609384596687	0.674151867031071
0.227780261563384	0.674151867031071
0.255179235751498	0.674151867031071
0.281847482833659	0.674151867031071
0.307822969236920	0.674151867031071
0.333140777221210	0.674151867031071
-1.05344410473210	0.846283014572055
-0.958133924927773	0.846283014572055
-0.913682162356939	0.846283014572055
-0.871122547938143	0.846283014572055
-0.850503260735407	0.846283014572055
-0.830300553417888	0.846283014572055
-0.810497926121708	0.846283014572055
-0.791079840264607	0.846283014572055
-0.772031645293912	0.846283014572055
-0.753339512281760	0.846283014572055
-0.734990373613563	0.846283014572055
-0.716971868110885	0.846283014572055
-0.699272291011484	0.846283014572055
-0.681880548299615	0.846283014572055
-0.664786114940315	0.846283014572055
-0.647978996623933	0.846283014572055
-0.631449694672723	0.846283014572055
-0.615189173800942	0.846283014572055
-0.599188832454501	0.846283014572055
-0.583440475486362	0.846283014572055
-0.567936288950397	0.846283014572055
-0.552668816819609	0.846283014572055
-0.537630939455068	0.846283014572055
-0.522815853669927	0.846283014572055
-0.508217054248775	0.846283014572055
-0.493828316796675	0.846283014572055
-0.479643681804719	0.846283014572055
-0.465657439829979	0.846283014572055
-0.451864117697643	0.846283014572055
-0.438258465641864	0.846283014572055
-0.424835445309723	0.846283014572055
-0.411590218559703	0.846283014572055
-0.398518136992350	0.846283014572055
-0.385614732156442	0.846283014572055
-0.372875706379012	0.846283014572055
-0.360296924172152	0.846283014572055
-0.347874404173595	0.846283014572055
-0.335604311581781	0.846283014572055
-0.323482951049436	0.846283014572055
-0.311506760002720	0.846283014572055
-0.299672302355717	0.846283014572055
-0.287976262592526	0.846283014572055
-0.276415440191450	0.846283014572055
-0.264986744367828	0.846283014572055
-0.253687189113894	0.846283014572055
-0.242513888515769	0.846283014572055
-0.231464052329184	0.846283014572055
-0.220534981796994	0.846283014572055
-0.209724065692778	0.846283014572055
-0.199028776576030	0.846283014572055
-0.188446667245493	0.846283014572055
-0.177975367378198	0.846283014572055
-0.167612580342651	0.846283014572055
-0.157356080175462	0.846283014572055
-0.147203708711444	0.846283014572055
-0.137153372857943	0.846283014572055
-0.127203042004775	0.846283014572055
-0.117350745561763	0.846283014572055
-0.107594570616398	0.846283014572055
-0.0979326597046613	0.846283014572055
-0.0883632086885105	0.846283014572055
-0.0788844647339669	0.846283014572055
-0.0694947243841278	0.846283014572055
-0.0601923317218143	0.846283014572055
-0.0509756766168903	0.846283014572055
-0.0418431930536177	0.846283014572055
-0.0327933575336998	0.846283014572055
-0.0238246875509394	0.846283014572055
-0.0149357401336934	0.846283014572055
-0.00612511045153845	0.846283014572055
0.00260856951721605	0.846283014572055
0.0112666322603306	0.846283014572055
0.0198503759517221	0.846283014572055
0.0283610656196308	0.846283014572055
0.0367999342654954	0.846283014572055
0.0451681839360120	0.846283014572055
0.0534669867507071	0.846283014572055
0.0616974858872226	0.846283014572055
0.0698607965263836	0.846283014572055
0.0779580067590030	0.846283014572055
0.0859901784562672	0.846283014572055
0.0939583481054441	0.846283014572055
0.101863527612557	0.846283014572055
0.109706705073583	0.846283014572055
0.117488845515638	0.846283014572055
0.125210891609549	0.846283014572055
0.132873764355118	0.846283014572055
0.140478363740337	0.846283014572055
0.155516241104877	0.846283014572055
0.170331326890018	0.846283014572055
0.199318863763270	0.846283014572055
0.227489740729967	0.846283014572055
0.254888714918081	0.846283014572055
0.281556962000242	0.846283014572055
0.307532448403503	0.846283014572055
0.332850256387793	0.846283014572055
0.357542868978165	0.846283014572055
0.381640420557225	0.846283014572055
-1.05434822278172	1.09491689435348
-0.959038042977395	1.09491689435348
-0.914586280406561	1.09491689435348
-0.872026665987765	1.09491689435348
-0.851407378785029	1.09491689435348
-0.831204671467510	1.09491689435348
-0.811402044171330	1.09491689435348
-0.791983958314229	1.09491689435348
-0.772935763343534	1.09491689435348
-0.754243630331382	1.09491689435348
-0.735894491663185	1.09491689435348
-0.717875986160507	1.09491689435348
-0.700176409061106	1.09491689435348
-0.682784666349237	1.09491689435348
-0.665690232989937	1.09491689435348
-0.648883114673555	1.09491689435348
-0.632353812722345	1.09491689435348
-0.616093291850564	1.09491689435348
-0.600092950504123	1.09491689435348
-0.584344593535984	1.09491689435348
-0.568840407000019	1.09491689435348
-0.553572934869230	1.09491689435348
-0.538535057504690	1.09491689435348
-0.523719971719549	1.09491689435348
-0.509121172298397	1.09491689435348
-0.494732434846297	1.09491689435348
-0.480547799854341	1.09491689435348
-0.466561557879601	1.09491689435348
-0.452768235747265	1.09491689435348
-0.439162583691486	1.09491689435348
-0.425739563359346	1.09491689435348
-0.412494336609325	1.09491689435348
-0.399422255041972	1.09491689435348
-0.386518850206064	1.09491689435348
-0.373779824428634	1.09491689435348
-0.361201042221774	1.09491689435348
-0.348778522223217	1.09491689435348
-0.336508429631403	1.09491689435348
-0.324387069099058	1.09491689435348
-0.312410878052342	1.09491689435348
-0.300576420405340	1.09491689435348
-0.288880380642148	1.09491689435348
-0.277319558241072	1.09491689435348
-0.265890862417449	1.09491689435348
-0.254591307163516	1.09491689435348
-0.243418006565391	1.09491689435348
-0.232368170378806	1.09491689435348
-0.221439099846616	1.09491689435348
-0.210628183742400	1.09491689435348
-0.199932894625652	1.09491689435348
-0.189350785295115	1.09491689435348
-0.178879485427820	1.09491689435348
-0.168516698392273	1.09491689435348
-0.158260198225084	1.09491689435348
-0.148107826761066	1.09491689435348
-0.138057490907565	1.09491689435348
-0.128107160054396	1.09491689435348
-0.118254863611385	1.09491689435348
-0.108498688666020	1.09491689435348
-0.0988367777542832	1.09491689435348
-0.0892673267381326	1.09491689435348
-0.0797885827835888	1.09491689435348
-0.0703988424337497	1.09491689435348
-0.0610964497714362	1.09491689435348
-0.0518797946665123	1.09491689435348
-0.0427473111032398	1.09491689435348
-0.0336974755833218	1.09491689435348
-0.0247288056005614	1.09491689435348
-0.0158398581833154	1.09491689435348
-0.00702922850116045	1.09491689435348
0.00170445146759412	1.09491689435348
0.0103625142107088	1.09491689435348
0.0189462579021001	1.09491689435348
0.0274569475700088	1.09491689435348
0.0358958162158735	1.09491689435348
0.0442640658863900	1.09491689435348
0.0525628687010852	1.09491689435348
0.0607933678376007	1.09491689435348
0.0689566784767615	1.09491689435348
0.0770538887093809	1.09491689435348
0.0850860604066453	1.09491689435348
0.0930542300558220	1.09491689435348
0.100959409562935	1.09491689435348
0.108802587023961	1.09491689435348
0.116584727466016	1.09491689435348
0.124306773559927	1.09491689435348
0.131969646305496	1.09491689435348
0.139574245690715	1.09491689435348
0.154612123055255	1.09491689435348
0.169427208840396	1.09491689435348
0.198414745713648	1.09491689435348
0.226585622680345	1.09491689435348
0.253984596868459	1.09491689435348
0.280652843950620	1.09491689435348
0.306628330353881	1.09491689435348
0.331946138338171	1.09491689435348
0.356638750928542	1.09491689435348
0.380736302507603	1.09491689435348
-1.74837489902482	1.59218465391632
-1.48601063455733	1.59218465391632
-1.41190266240361	1.59218465391632
-1.34290979091666	1.59218465391632
-1.27837126977909	1.59218465391632
-1.21774664796265	1.59218465391632
-1.16058823412271	1.59218465391632
-1.10652101285243	1.59218465391632
-1.05522771846488	1.59218465391632
-1.00643755429545	1.59218465391632
-0.959917538660554	1.59218465391632
-0.915465776089720	1.59218465391632
-0.872906161670924	1.59218465391632
-0.852286874468189	1.59218465391632
-0.832084167150669	1.59218465391632
-0.812281539854489	1.59218465391632
-0.792863453997388	1.59218465391632
-0.773815259026693	1.59218465391632
-0.755123126014541	1.59218465391632
-0.736773987346344	1.59218465391632
-0.718755481843666	1.59218465391632
-0.701055904744265	1.59218465391632
-0.683664162032396	1.59218465391632
-0.666569728673096	1.59218465391632
-0.649762610356714	1.59218465391632
-0.633233308405504	1.59218465391632
-0.616972787533723	1.59218465391632
-0.600972446187282	1.59218465391632
-0.585224089219143	1.59218465391632
-0.569719902683178	1.59218465391632
-0.554452430552390	1.59218465391632
-0.539414553187849	1.59218465391632
-0.524599467402708	1.59218465391632
-0.510000667981556	1.59218465391632
-0.495611930529456	1.59218465391632
-0.481427295537500	1.59218465391632
-0.467441053562760	1.59218465391632
-0.453647731430424	1.59218465391632
-0.440042079374645	1.59218465391632
-0.426619059042505	1.59218465391632
-0.413373832292484	1.59218465391632
-0.400301750725131	1.59218465391632
-0.387398345889223	1.59218465391632
-0.374659320111794	1.59218465391632
-0.362080537904933	1.59218465391632
-0.349658017906376	1.59218465391632
-0.337387925314562	1.59218465391632
-0.325266564782217	1.59218465391632
-0.313290373735501	1.59218465391632
-0.301455916088499	1.59218465391632
-0.289759876325307	1.59218465391632
-0.278199053924231	1.59218465391632
-0.266770358100609	1.59218465391632
-0.255470802846675	1.59218465391632
-0.244297502248550	1.59218465391632
-0.233247666061965	1.59218465391632
-0.222318595529775	1.59218465391632
-0.211507679425559	1.59218465391632
-0.200812390308811	1.59218465391632
-0.190230280978274	1.59218465391632
-0.179758981110979	1.59218465391632
-0.169396194075432	1.59218465391632
-0.159139693908243	1.59218465391632
-0.148987322444225	1.59218465391632
-0.138936986590724	1.59218465391632
-0.128986655737556	1.59218465391632
-0.119134359294544	1.59218465391632
-0.109378184349179	1.59218465391632
-0.0997162734374424	1.59218465391632
-0.0901468224212917	1.59218465391632
-0.0806680784667480	1.59218465391632
-0.0712783381169089	1.59218465391632
-0.0619759454545954	1.59218465391632
-0.0527592903496713	1.59218465391632
-0.0436268067863989	1.59218465391632
-0.0345769712664809	1.59218465391632
-0.0256083012837206	1.59218465391632
-0.0167193538664745	1.59218465391632
-0.00790872418431963	1.59218465391632
0.000824955784434921	1.59218465391632
0.00948301852754967	1.59218465391632
0.0180667622189411	1.59218465391632
0.0265774518868497	1.59218465391632
0.0350163205327142	1.59218465391632
0.0433845702032310	1.59218465391632
0.0516833730179261	1.59218465391632
0.0599138721544415	1.59218465391632
0.0680771827936024	1.59218465391632
0.0761743930262219	1.59218465391632
0.0842065647234861	1.59218465391632
0.0921747343726629	1.59218465391632
0.100079913879776	1.59218465391632
0.107923091340802	1.59218465391632
0.115705231782857	1.59218465391632
0.123427277876767	1.59218465391632
0.131090150622336	1.59218465391632
0.138694750007556	1.59218465391632
0.153732627372096	1.59218465391632
0.168547713157237	1.59218465391632
0.197535250030489	1.59218465391632
0.225706126997186	1.59218465391632
0.253105101185300	1.59218465391632
0.279773348267461	1.59218465391632
0.305748834670722	1.59218465391632
0.331066642655012	1.59218465391632
0.355759255245383	1.59218465391632
0.379856806824444	1.59218465391632
-1.16220827836028	2.58672017304200
-1.05684776270246	2.58672017304200
-0.961537582898131	2.58672017304200
-0.917085820327297	2.58672017304200
-0.874526205908501	2.58672017304200
-0.853906918705765	2.58672017304200
-0.833704211388246	2.58672017304200
-0.813901584092066	2.58672017304200
-0.794483498234964	2.58672017304200
-0.775435303264270	2.58672017304200
-0.756743170252117	2.58672017304200
-0.738394031583921	2.58672017304200
-0.720375526081242	2.58672017304200
-0.702675948981842	2.58672017304200
-0.685284206269972	2.58672017304200
-0.668189772910672	2.58672017304200
-0.651382654594291	2.58672017304200
-0.634853352643080	2.58672017304200
-0.618592831771300	2.58672017304200
-0.602592490424859	2.58672017304200
-0.586844133456720	2.58672017304200
-0.571339946920755	2.58672017304200
-0.556072474789966	2.58672017304200
-0.541034597425426	2.58672017304200
-0.526219511640285	2.58672017304200
-0.511620712219132	2.58672017304200
-0.497231974767033	2.58672017304200
-0.483047339775076	2.58672017304200
-0.469061097800336	2.58672017304200
-0.455267775668001	2.58672017304200
-0.441662123612222	2.58672017304200
-0.428239103280081	2.58672017304200
-0.414993876530061	2.58672017304200
-0.401921794962708	2.58672017304200
-0.389018390126800	2.58672017304200
-0.376279364349370	2.58672017304200
-0.363700582142510	2.58672017304200
-0.351278062143953	2.58672017304200
-0.339007969552139	2.58672017304200
-0.326886609019794	2.58672017304200
-0.314910417973078	2.58672017304200
-0.303075960326075	2.58672017304200
-0.291379920562884	2.58672017304200
-0.279819098161808	2.58672017304200
-0.268390402338185	2.58672017304200
-0.257090847084252	2.58672017304200
-0.245917546486127	2.58672017304200
-0.234867710299542	2.58672017304200
-0.223938639767351	2.58672017304200
-0.213127723663136	2.58672017304200
-0.202432434546388	2.58672017304200
-0.191850325215851	2.58672017304200
-0.181379025348555	2.58672017304200
-0.171016238313009	2.58672017304200
-0.160759738145820	2.58672017304200
-0.150607366681802	2.58672017304200
-0.140557030828300	2.58672017304200
-0.130606699975132	2.58672017304200
-0.120754403532121	2.58672017304200
-0.110998228586756	2.58672017304200
-0.101336317675019	2.58672017304200
-0.0917668666588683	2.58672017304200
-0.0822881227043246	2.58672017304200
-0.0728983823544855	2.58672017304200
-0.0635959896921719	2.58672017304200
-0.0543793345872479	2.58672017304200
-0.0452468510239754	2.58672017304200
-0.0361970155040575	2.58672017304200
-0.0272283455212971	2.58672017304200
-0.0183393981040511	2.58672017304200
-0.00952876842189624	2.58672017304200
-0.000795088453141542	2.58672017304200
0.00786297428997302	2.58672017304200
0.0164467179813645	2.58672017304200
0.0249574076492731	2.58672017304200
0.0333962762951377	2.58672017304200
0.0417645259656543	2.58672017304200
0.0500633287803494	2.58672017304200
0.0582938279168649	2.58672017304200
0.0664571385560258	2.58672017304200
0.0745543487886451	2.58672017304200
0.0825865204859094	2.58672017304200
0.0905546901350864	2.58672017304200
0.0984598696421997	2.58672017304200
0.106303047103226	2.58672017304200
0.114085187545281	2.58672017304200
0.121807233639191	2.58672017304200
0.129470106384760	2.58672017304200
0.137074705769979	2.58672017304200
0.152112583134520	2.58672017304200
0.166927668919660	2.58672017304200
0.195915205792913	2.58672017304200
0.224086082759609	2.58672017304200
0.251485056947723	2.58672017304200
0.278153304029885	2.58672017304200
0.304128790433145	2.58672017304200
0.329446598417435	2.58672017304200
0.354139211007807	2.58672017304200
0.378236762586867	2.58672017304200