-0.02
-0.01875
-0.0175
-0.01625
-0.015
-0.01375
-0.0125
-0.01125
-0.01
-0.00875
-0.0075
-0.00625
-0.005
-0.00375
-0.0025
-0.00125
0
0.00125
0.0025
0.00375
0.005
0.00625
0.0075
0.00875
0.01
-0.02
-0.01875
-0.0175
-0.01625
-0.015
-0.01375
-0.0125
-0.01125
-0.01
-0.00875
-0.0075
-0.00625
-0.005
-0.00375
-0.0025
-0.00125
0
0.00125
0.0025
0.00375
0.005
0.00625
0.0075
0.00875
0.01
-0.03
-0.0283333333333333
-0.0266666666666667
-0.025
-0.0233333333333333
-0.0216666666666667
-0.02
-0.0183333333333333
-0.0166666666666667
-0.015
-0.0133333333333333
-0.0116666666666667
-0.01
-0.00833333333333333
-0.00666666666666667
-0.005
-0.00333333333333333
-0.00166666666666667
0
0.00166666666666667
0.00333333333333333
0.005
0.00666666666666667
0.00833333333333333
0.01
-0.03
-0.0283333333333333
-0.0266666666666667
-0.025
-0.0233333333333333
-0.0216666666666667
-0.02
-0.0183333333333333
-0.0166666666666667
-0.015
-0.0133333333333333
-0.0116666666666667
-0.01
-0.00833333333333333
-0.00666666666666667
-0.005
-0.00333333333333333
-0.00166666666666667
0
0.00166666666666667
0.00333333333333333
0.005
0.00666666666666667
0.00833333333333333
0.01
-0.03
-0.0279166666666667
-0.0258333333333333
-0.02375
-0.0216666666666667
-0.0195833333333333
-0.0175
-0.0154166666666667
-0.0133333333333333
-0.01125
-0.00916666666666667
-0.00708333333333333
-0.005
-0.00291666666666666
-0.000833333333333332
0.00125
0.00333333333333333
0.00541666666666667
0.0075
0.00958333333333333
0.0116666666666667
0.01375
0.0158333333333333
0.0179166666666667
0.02
-0.03
-0.0279166666666667
-0.0258333333333333
-0.02375
-0.0216666666666667
-0.0195833333333333
-0.0175
-0.0154166666666667
-0.0133333333333333
-0.01125
-0.00916666666666667
-0.00708333333333333
-0.005
-0.00291666666666666
-0.000833333333333332
0.00125
0.00333333333333333
0.00541666666666667
0.0075
0.00958333333333333
0.0116666666666667
0.01375
0.0158333333333333
0.0179166666666667
0.02
-0.04
-0.0370833333333333
-0.0341666666666667
-0.03125
-0.0283333333333333
-0.0254166666666667
-0.0225
-0.0195833333333333
-0.0166666666666667
-0.01375
-0.0108333333333333
-0.00791666666666667
-0.005
-0.00208333333333333
0.000833333333333332
0.00375
0.00666666666666666
0.00958333333333333
0.0125
0.0154166666666667
0.0183333333333333
0.02125
0.0241666666666667
0.0270833333333333
0.03
-0.04
-0.0370833333333333
-0.0341666666666667
-0.03125
-0.0283333333333333
-0.0254166666666667
-0.0225
-0.0195833333333333
-0.0166666666666667
-0.01375
-0.0108333333333333
-0.00791666666666667
-0.005
-0.00208333333333333
0.000833333333333332
0.00375
0.00666666666666666
0.00958333333333333
0.0125
0.0154166666666667
0.0183333333333333
0.02125
0.0241666666666667
0.0270833333333333
0.03
-0.05
-0.04625
-0.0425
-0.03875
-0.035
-0.03125
-0.0275
-0.02375
-0.02
-0.01625
-0.0125
-0.00875000000000001
-0.005
-0.00124999999999999
0.0025
0.00625
0.01
0.01375
0.0175
0.02125
0.025
0.02875
0.0325
0.03625
0.04
-0.05
-0.04625
-0.0425
-0.03875
-0.035
-0.03125
-0.0275
-0.02375
-0.02
-0.01625
-0.0125
-0.00875000000000001
-0.005
-0.00124999999999999
0.0025
0.00625
0.01
0.01375
0.0175
0.02125
0.025
0.02875
0.0325
0.03625
0.04
-0.08
-0.075
-0.07
-0.065
-0.06
-0.055
-0.05
-0.045
-0.04
-0.035
-0.03
-0.025
-0.02
-0.015
-0.01
-0.005
0
0.005
0.01
0.015
0.02
0.025
0.03
0.035
0.04
-0.08
-0.075
-0.07
-0.065
-0.06
-0.055
-0.05
-0.045
-0.04
-0.035
-0.03
-0.025
-0.02
-0.015
-0.01
-0.005
0
0.005
0.01
0.015
0.02
0.025
0.03
0.035
0.04
-0.1
-0.0941666666666667
-0.0883333333333333
-0.0825
-0.0766666666666667
-0.0708333333333333
-0.065
-0.0591666666666667
-0.0533333333333333
-0.0475
-0.0416666666666667
-0.0358333333333333
-0.03
-0.0241666666666667
-0.0183333333333333
-0.0125
-0.00666666666666667
-0.000833333333333332
0.005
0.0108333333333333
0.0166666666666667
0.0225
0.0283333333333333
0.0341666666666667
0.04
-0.1
-0.0941666666666667
-0.0883333333333333
-0.0825
-0.0766666666666667
-0.0708333333333333
-0.065
-0.0591666666666667
-0.0533333333333333
-0.0475
-0.0416666666666667
-0.0358333333333333
-0.03
-0.0241666666666667
-0.0183333333333333
-0.0125
-0.00666666666666667
-0.000833333333333332
0.005
0.0108333333333333
0.0166666666666667
0.0225
0.0283333333333333
0.0341666666666667
0.04
-0.1
-0.09375
-0.0875
-0.08125
-0.075
-0.06875
-0.0625
-0.05625
-0.05
-0.04375
-0.0375
-0.03125
-0.025
-0.01875
-0.0125
-0.00625000000000001
-6.93889390390723e-18
0.00624999999999999
0.0125
0.01875
0.025
0.03125
0.0375
0.04375
0.05
-0.1
-0.09375
-0.0875
-0.08125
-0.075
-0.06875
-0.0625
-0.05625
-0.05
-0.04375
-0.0375
-0.03125
-0.025
-0.01875
-0.0125
-0.00625000000000001
-6.93889390390723e-18
0.00624999999999999
0.0125
0.01875
0.025
0.03125
0.0375
0.04375
0.05
-0.15
-0.14125
-0.1325
-0.12375
-0.115
-0.10625
-0.0975
-0.08875
-0.08
-0.07125
-0.0625
-0.05375
-0.045
-0.03625
-0.0275
-0.01875
-0.01
-0.00124999999999999
0.00750000000000001
0.01625
0.025
0.03375
0.0425
0.05125
0.06
-0.15
-0.140833333333333
-0.131666666666667
-0.1225
-0.113333333333333
-0.104166666666667
-0.095
-0.0858333333333333
-0.0766666666666667
-0.0675
-0.0583333333333333
-0.0491666666666667
-0.04
-0.0308333333333333
-0.0216666666666667
-0.0125
-0.00333333333333333
0.00583333333333334
0.015
0.0241666666666667
0.0333333333333333
0.0425
0.0516666666666667
0.0608333333333333
0.07
-0.15
-0.140833333333333
-0.131666666666667
-0.1225
-0.113333333333333
-0.104166666666667
-0.095
-0.0858333333333333
-0.0766666666666667
-0.0675
-0.0583333333333333
-0.0491666666666667
-0.04
-0.0308333333333333
-0.0216666666666667
-0.0125
-0.00333333333333333
0.00583333333333334
0.015
0.0241666666666667
0.0333333333333333
0.0425
0.0516666666666667
0.0608333333333333
0.07
-0.2
-0.188333333333333
-0.176666666666667
-0.165
-0.153333333333333
-0.141666666666667
-0.13
-0.118333333333333
-0.106666666666667
-0.095
-0.0833333333333333
-0.0716666666666667
-0.06
-0.0483333333333333
-0.0366666666666667
-0.025
-0.0133333333333333
-0.00166666666666666
0.01
0.0216666666666667
0.0333333333333333
0.045
0.0566666666666667
0.0683333333333333
0.08
-0.2
-0.187916666666667
-0.175833333333333
-0.16375
-0.151666666666667
-0.139583333333333
-0.1275
-0.115416666666667
-0.103333333333333
-0.09125
-0.0791666666666667
-0.0670833333333333
-0.055
-0.0429166666666667
-0.0308333333333334
-0.01875
-0.00666666666666668
0.00541666666666665
0.0175
0.0295833333333333
0.0416666666666667
0.05375
0.0658333333333333
0.0779166666666667
0.09
-0.22
-0.206666666666667
-0.193333333333333
-0.18
-0.166666666666667
-0.153333333333333
-0.14
-0.126666666666667
-0.113333333333333
-0.1
-0.0866666666666667
-0.0733333333333333
-0.06
-0.0466666666666667
-0.0333333333333333
-0.02
-0.00666666666666667
0.00666666666666667
0.02
0.0333333333333333
0.0466666666666667
0.06
0.0733333333333333
0.0866666666666667
0.1
-0.22
-0.206666666666667
-0.193333333333333
-0.18
-0.166666666666667
-0.153333333333333
-0.14
-0.126666666666667
-0.113333333333333
-0.1
-0.0866666666666667
-0.0733333333333333
-0.06
-0.0466666666666667
-0.0333333333333333
-0.02
-0.00666666666666667
0.00666666666666667
0.02
0.0333333333333333
0.0466666666666667
0.06
0.0733333333333333
0.0866666666666667
0.1
-0.22
-0.206666666666667
-0.193333333333333
-0.18
-0.166666666666667
-0.153333333333333
-0.14
-0.126666666666667
-0.113333333333333
-0.1
-0.0866666666666667
-0.0733333333333333
-0.06
-0.0466666666666667
-0.0333333333333333
-0.02
-0.00666666666666667
0.00666666666666667
0.02
0.0333333333333333
0.0466666666666667
0.06
0.0733333333333333
0.0866666666666667
0.1
-0.22
-0.206666666666667
-0.193333333333333
-0.18
-0.166666666666667
-0.153333333333333
-0.14
-0.126666666666667
-0.113333333333333
-0.1
-0.0866666666666667
-0.0733333333333333
-0.06
-0.0466666666666667
-0.0333333333333333
-0.02
-0.00666666666666667
0.00666666666666667
0.02
0.0333333333333333
0.0466666666666667
0.06
0.0733333333333333
0.0866666666666667
0.1
-0.22
-0.206666666666667
-0.193333333333333
-0.18
-0.166666666666667
-0.153333333333333
-0.14
-0.126666666666667
-0.113333333333333
-0.1
-0.0866666666666667
-0.0733333333333333
-0.06
-0.0466666666666667
-0.0333333333333333
-0.02
-0.00666666666666667
0.00666666666666667
0.02
0.0333333333333333
0.0466666666666667
0.06
0.0733333333333333
0.0866666666666667
0.1
-0.22
-0.206666666666667
-0.193333333333333
-0.18
-0.166666666666667
-0.153333333333333
-0.14
-0.126666666666667
-0.113333333333333
-0.1
-0.0866666666666667
-0.0733333333333333
-0.06
-0.0466666666666667
-0.0333333333333333
-0.02
-0.00666666666666667
0.00666666666666667
0.02
0.0333333333333333
0.0466666666666667
0.06
0.0733333333333333
0.0866666666666667
0.1
-0.22
-0.206666666666667
-0.193333333333333
-0.18
-0.166666666666667
-0.153333333333333
-0.14
-0.126666666666667
-0.113333333333333
-0.1
-0.0866666666666667
-0.0733333333333333
-0.06
-0.0466666666666667
-0.0333333333333333
-0.02
-0.00666666666666667
0.00666666666666667
0.02
0.0333333333333333
0.0466666666666667
0.06
0.0733333333333333
0.0866666666666667
0.1
-0.22
-0.206666666666667
-0.193333333333333
-0.18
-0.166666666666667
-0.153333333333333
-0.14
-0.126666666666667
-0.113333333333333
-0.1
-0.0866666666666667
-0.0733333333333333
-0.06
-0.0466666666666667
-0.0333333333333333
-0.02
-0.00666666666666667
0.00666666666666667
0.02
0.0333333333333333
0.0466666666666667
0.06
0.0733333333333333
0.0866666666666667
0.1
-0.22
-0.206666666666667
-0.193333333333333
-0.18
-0.166666666666667
-0.153333333333333
-0.14
-0.126666666666667
-0.113333333333333
-0.1
-0.0866666666666667
-0.0733333333333333
-0.06
-0.0466666666666667
-0.0333333333333333
-0.02
-0.00666666666666667
0.00666666666666667
0.02
0.0333333333333333
0.0466666666666667
0.06
0.0733333333333333
0.0866666666666667
0.1
-0.22
-0.206666666666667
-0.193333333333333
-0.18
-0.166666666666667
-0.153333333333333
-0.14
-0.126666666666667
-0.113333333333333
-0.1
-0.0866666666666667
-0.0733333333333333
-0.06
-0.0466666666666667
-0.0333333333333333
-0.02
-0.00666666666666667
0.00666666666666667
0.02
0.0333333333333333
0.0466666666666667
0.06
0.0733333333333333
0.0866666666666667
0.1
-0.25
-0.233333333333333
-0.216666666666667
-0.2
-0.183333333333333
-0.166666666666667
-0.15
-0.133333333333333
-0.116666666666667
-0.1
-0.0833333333333333
-0.0666666666666667
-0.05
-0.0333333333333333
-0.0166666666666667
0
0.0166666666666667
0.0333333333333333
0.05
0.0666666666666667
0.0833333333333333
0.1
0.116666666666667
0.133333333333333
0.15
-0.25
-0.233333333333333
-0.216666666666667
-0.2
-0.183333333333333
-0.166666666666667
-0.15
-0.133333333333333
-0.116666666666667
-0.1
-0.0833333333333333
-0.0666666666666667
-0.05
-0.0333333333333333
-0.0166666666666667
0
0.0166666666666667
0.0333333333333333
0.05
0.0666666666666667
0.0833333333333333
0.1
0.116666666666667
0.133333333333333
0.15
-0.25
-0.233333333333333
-0.216666666666667
-0.2
-0.183333333333333
-0.166666666666667
-0.15
-0.133333333333333
-0.116666666666667
-0.1
-0.0833333333333333
-0.0666666666666667
-0.05
-0.0333333333333333
-0.0166666666666667
0
0.0166666666666667
0.0333333333333333
0.05
0.0666666666666667
0.0833333333333333
0.1
0.116666666666667
0.133333333333333
0.15
-0.35
-0.327083333333333
-0.304166666666667
-0.28125
-0.258333333333333
-0.235416666666667
-0.2125
-0.189583333333333
-0.166666666666667
-0.14375
-0.120833333333333
-0.0979166666666667
-0.075
-0.0520833333333333
-0.0291666666666667
-0.00625000000000001
0.0166666666666667
0.0395833333333333
0.0625
0.0854166666666667
0.108333333333333
0.13125
0.154166666666667
0.177083333333333
0.2
-0.35
-0.327083333333333
-0.304166666666667
-0.28125
-0.258333333333333
-0.235416666666667
-0.2125
-0.189583333333333
-0.166666666666667
-0.14375
-0.120833333333333
-0.0979166666666667
-0.075
-0.0520833333333333
-0.0291666666666667
-0.00625000000000001
0.0166666666666667
0.0395833333333333
0.0625
0.0854166666666667
0.108333333333333
0.13125
0.154166666666667
0.177083333333333
0.2
-0.35
-0.327083333333333
-0.304166666666667
-0.28125
-0.258333333333333
-0.235416666666667
-0.2125
-0.189583333333333
-0.166666666666667
-0.14375
-0.120833333333333
-0.0979166666666667
-0.075
-0.0520833333333333
-0.0291666666666667
-0.00625000000000001
0.0166666666666667
0.0395833333333333
0.0625
0.0854166666666667
0.108333333333333
0.13125
0.154166666666667
0.177083333333333
0.2
-0.35
-0.327083333333333
-0.304166666666667
-0.28125
-0.258333333333333
-0.235416666666667
-0.2125
-0.189583333333333
-0.166666666666667
-0.14375
-0.120833333333333
-0.0979166666666667
-0.075
-0.0520833333333333
-0.0291666666666667
-0.00625000000000001
0.0166666666666667
0.0395833333333333
0.0625
0.0854166666666667
0.108333333333333
0.13125
0.154166666666667
0.177083333333333
0.2
-0.4
-0.372916666666667
-0.345833333333333
-0.31875
-0.291666666666667
-0.264583333333333
-0.2375
-0.210416666666667
-0.183333333333333
-0.15625
-0.129166666666667
-0.102083333333333
-0.075
-0.0479166666666667
-0.0208333333333334
0.00624999999999998
0.0333333333333333
0.0604166666666667
0.0875
0.114583333333333
0.141666666666667
0.16875
0.195833333333333
0.222916666666667
0.25
-0.5
-0.466666666666667
-0.433333333333333
-0.4
-0.366666666666667
-0.333333333333333
-0.3
-0.266666666666667
-0.233333333333333
-0.2
-0.166666666666667
-0.133333333333333
-0.1
-0.0666666666666667
-0.0333333333333333
0
0.0333333333333333
0.0666666666666667
0.1
0.133333333333333
0.166666666666667
0.2
0.233333333333333
0.266666666666667
0.3
-0.7
-0.658333333333333
-0.616666666666667
-0.575
-0.533333333333333
-0.491666666666667
-0.45
-0.408333333333333
-0.366666666666667
-0.325
-0.283333333333333
-0.241666666666667
-0.2
-0.158333333333333
-0.116666666666667
-0.075
-0.0333333333333333
0.00833333333333336
0.05
0.0916666666666667
0.133333333333333
0.175
0.216666666666667
0.258333333333333
0.3
-0.7
-0.65625
-0.6125
-0.56875
-0.525
-0.48125
-0.4375
-0.39375
-0.35
-0.30625
-0.2625
-0.21875
-0.175
-0.13125
-0.0874999999999999
-0.04375
5.55111512312578e-17
0.0437500000000001
0.0875
0.13125
0.175
0.21875
0.2625
0.30625
0.35
-0.75
-0.704166666666667
-0.658333333333333
-0.6125
-0.566666666666667
-0.520833333333333
-0.475
-0.429166666666667
-0.383333333333333
-0.3375
-0.291666666666667
-0.245833333333333
-0.2
-0.154166666666667
-0.108333333333333
-0.0625000000000001
-0.0166666666666667
0.0291666666666666
0.075
0.120833333333333
0.166666666666667
0.2125
0.258333333333333
0.304166666666667
0.35
-0.75
-0.704166666666667
-0.658333333333333
-0.6125
-0.566666666666667
-0.520833333333333
-0.475
-0.429166666666667
-0.383333333333333
-0.3375
-0.291666666666667
-0.245833333333333
-0.2
-0.154166666666667
-0.108333333333333
-0.0625000000000001
-0.0166666666666667
0.0291666666666666
0.075
0.120833333333333
0.166666666666667
0.2125
0.258333333333333
0.304166666666667
0.35
-0.75
-0.704166666666667
-0.658333333333333
-0.6125
-0.566666666666667
-0.520833333333333
-0.475
-0.429166666666667
-0.383333333333333
-0.3375
-0.291666666666667
-0.245833333333333
-0.2
-0.154166666666667
-0.108333333333333
-0.0625000000000001
-0.0166666666666667
0.0291666666666666
0.075
0.120833333333333
0.166666666666667
0.2125
0.258333333333333
0.304166666666667
0.35
-0.75
-0.704166666666667
-0.658333333333333
-0.6125
-0.566666666666667
-0.520833333333333
-0.475
-0.429166666666667
-0.383333333333333
-0.3375
-0.291666666666667
-0.245833333333333
-0.2
-0.154166666666667
-0.108333333333333
-0.0625000000000001
-0.0166666666666667
0.0291666666666666
0.075
0.120833333333333
0.166666666666667
0.2125
0.258333333333333
0.304166666666667
0.35
-0.75
-0.702083333333333
-0.654166666666667
-0.60625
-0.558333333333333
-0.510416666666667
-0.4625
-0.414583333333333
-0.366666666666667
-0.31875
-0.270833333333333
-0.222916666666667
-0.175
-0.127083333333333
-0.0791666666666666
-0.0312499999999999
0.0166666666666667
0.0645833333333334
0.1125
0.160416666666667
0.208333333333333
0.25625
0.304166666666667
0.352083333333333
0.4
-0.75
-0.702083333333333
-0.654166666666667
-0.60625
-0.558333333333333
-0.510416666666667
-0.4625
-0.414583333333333
-0.366666666666667
-0.31875
-0.270833333333333
-0.222916666666667
-0.175
-0.127083333333333
-0.0791666666666666
-0.0312499999999999
0.0166666666666667
0.0645833333333334
0.1125
0.160416666666667
0.208333333333333
0.25625
0.304166666666667
0.352083333333333
0.4
-0.75
-0.702083333333333
-0.654166666666667
-0.60625
-0.558333333333333
-0.510416666666667
-0.4625
-0.414583333333333
-0.366666666666667
-0.31875
-0.270833333333333
-0.222916666666667
-0.175
-0.127083333333333
-0.0791666666666666
-0.0312499999999999
0.0166666666666667
0.0645833333333334
0.1125
0.160416666666667
0.208333333333333
0.25625
0.304166666666667
0.352083333333333
0.4
-0.8
-0.75
-0.7
-0.65
-0.6
-0.55
-0.5
-0.45
-0.4
-0.35
-0.3
-0.25
-0.2
-0.15
-0.1
-0.05
-5.55111512312578e-17
0.0499999999999999
0.1
0.15
0.2
0.25
0.3
0.35
0.4
-0.85
-0.795833333333333
-0.741666666666667
-0.6875
-0.633333333333333
-0.579166666666667
-0.525
-0.470833333333333
-0.416666666666667
-0.3625
-0.308333333333333
-0.254166666666667
-0.2
-0.145833333333333
-0.0916666666666667
-0.0375
0.0166666666666667
0.0708333333333334
0.125
0.179166666666667
0.233333333333333
0.2875
0.341666666666667
0.395833333333333
0.45
-0.9
-0.84375
-0.7875
-0.73125
-0.675
-0.61875
-0.5625
-0.50625
-0.45
-0.39375
-0.3375
-0.28125
-0.225
-0.16875
-0.1125
-0.05625
0
0.05625
0.1125
0.16875
0.225
0.28125
0.3375
0.39375
0.45
-0.9
-0.84375
-0.7875
-0.73125
-0.675
-0.61875
-0.5625
-0.50625
-0.45
-0.39375
-0.3375
-0.28125
-0.225
-0.16875
-0.1125
-0.05625
0
0.05625
0.1125
0.16875
0.225
0.28125
0.3375
0.39375
0.45
-0.9
-0.84375
-0.7875
-0.73125
-0.675
-0.61875
-0.5625
-0.50625
-0.45
-0.39375
-0.3375
-0.28125
-0.225
-0.16875
-0.1125
-0.05625
0
0.05625
0.1125
0.16875
0.225
0.28125
0.3375
0.39375
0.45
-1
-0.9375
-0.875
-0.8125
-0.75
-0.6875
-0.625
-0.5625
-0.5
-0.4375
-0.375
-0.3125
-0.25
-0.1875
-0.125
-0.0625
0
0.0625
0.125
0.1875
0.25
0.3125
0.375
0.4375
0.5
-1.1
-1.03333333333333
-0.966666666666667
-0.9
-0.833333333333333
-0.766666666666667
-0.7
-0.633333333333333
-0.566666666666667
-0.5
-0.433333333333333
-0.366666666666667
-0.3
-0.233333333333333
-0.166666666666667
-0.1
-0.0333333333333333
0.0333333333333333
0.1
0.166666666666667
0.233333333333333
0.3
0.366666666666667
0.433333333333333
0.5
-1.1
-1.03333333333333
-0.966666666666667
-0.9
-0.833333333333333
-0.766666666666667
-0.7
-0.633333333333333
-0.566666666666667
-0.5
-0.433333333333333
-0.366666666666667
-0.3
-0.233333333333333
-0.166666666666667
-0.1
-0.0333333333333333
0.0333333333333333
0.1
0.166666666666667
0.233333333333333
0.3
0.366666666666667
0.433333333333333
0.5
-1.2
-1.12916666666667
-1.05833333333333
-0.9875
-0.916666666666667
-0.845833333333333
-0.775
-0.704166666666667
-0.633333333333333
-0.5625
-0.491666666666667
-0.420833333333333
-0.35
-0.279166666666667
-0.208333333333333
-0.1375
-0.0666666666666667
0.00416666666666665
0.075
0.145833333333333
0.216666666666667
0.2875
0.358333333333333
0.429166666666667
0.5
-1.2
-1.12916666666667
-1.05833333333333
-0.9875
-0.916666666666667
-0.845833333333333
-0.775
-0.704166666666667
-0.633333333333333
-0.5625
-0.491666666666667
-0.420833333333333
-0.35
-0.279166666666667
-0.208333333333333
-0.1375
-0.0666666666666667
0.00416666666666665
0.075
0.145833333333333
0.216666666666667
0.2875
0.358333333333333
0.429166666666667
0.5
-1.3
-1.225
-1.15
-1.075
-1
-0.925
-0.85
-0.775
-0.7
-0.625
-0.55
-0.475
-0.4
-0.325
-0.25
-0.175
-0.1
-0.025
0.05
0.125
0.2
0.275
0.35
0.425
0.5
-1.3
-1.225
-1.15
-1.075
-1
-0.925
-0.85
-0.775
-0.7
-0.625
-0.55
-0.475
-0.4
-0.325
-0.25
-0.175
-0.1
-0.025
0.05
0.125
0.2
0.275
0.35
0.425
0.5
-1.4
-1.32083333333333
-1.24166666666667
-1.1625
-1.08333333333333
-1.00416666666667
-0.925
-0.845833333333333
-0.766666666666667
-0.6875
-0.608333333333333
-0.529166666666667
-0.45
-0.370833333333333
-0.291666666666667
-0.2125
-0.133333333333333
-0.0541666666666667
0.025
0.104166666666667
0.183333333333333
0.2625
0.341666666666667
0.420833333333333
0.5
-1.5
-1.41666666666667
-1.33333333333333
-1.25
-1.16666666666667
-1.08333333333333
-1
-0.916666666666667
-0.833333333333333
-0.75
-0.666666666666667
-0.583333333333333
-0.5
-0.416666666666667
-0.333333333333333
-0.25
-0.166666666666667
-0.0833333333333333
0
0.0833333333333334
0.166666666666667
0.25
0.333333333333333
0.416666666666667
0.5
-1.5
-1.41666666666667
-1.33333333333333
-1.25
-1.16666666666667
-1.08333333333333
-1
-0.916666666666667
-0.833333333333333
-0.75
-0.666666666666667
-0.583333333333333
-0.5
-0.416666666666667
-0.333333333333333
-0.25
-0.166666666666667
-0.0833333333333333
0
0.0833333333333334
0.166666666666667
0.25
0.333333333333333
0.416666666666667
0.5
